0,2,5,9,2,0,2
1,2,5,9,2,0,2
2,2,5,9,1,0,1
3,2,8,18,2,0,2
4,2,6,9,1,0,1
5,2,5,9,1,0,1
6,2,4,16,2,0,2
7,2,4,16,1,0,1
8,2,8,18,2,0,2
9,3,7,16,1,0,1
10,2,8,10,2,0,2
11,2,5,9,1,0,1
12,3,7,16,2,0,2
13,3,7,16,1,0,1
14,3,7,16,1,0,1
15,2,5,16,1,0,1
16,2,5,9,2,0,2
17,2,10,18,2,0,2
18,2,5,9,2,0,2
19,2,5,9,1,0,1
20,2,5,9,1,0,1
21,2,5,9,1,0,1
22,2,10,18,2,0,2
23,3,7,15,2,0,2
24,2,5,9,1,0,1
25,2,5,9,1,0,1
26,3,7,15,1,0,1
27,2,8,18,2,0,2
28,2,8,18,2,0,2
29,2,8,18,2,0,2
30,2,5,9,1,0,1
31,1,10,10,2,0,2
32,2,5,9,2,0,2
33,3,7,19,1,0,1
34,2,5,9,1,0,1
35,2,5,9,1,0,1
36,2,5,9,1,0,1
37,2,5,16,2,0,2
38,2,9,18,2,0,2
39,2,5,9,2,0,2
40,2,8,18,2,0,2
41,2,5,9,1,0,1
42,3,7,16,2,0,2
43,1,10,10,2,0,2
44,3,7,19,1,0,1
45,3,7,15,1,0,1
46,3,7,19,1,0,1
47,3,7,19,1,0,1
48,2,5,9,1,0,1
49,2,5,9,2,0,2
50,3,7,16,1,0,1
51,2,4,16,1,0,1
52,3,7,15,1,0,1
53,3,7,15,1,0,1
54,2,5,9,1,0,1
55,3,7,19,1,0,1
56,2,5,9,1,0,1
57,3,7,15,1,0,1
58,3,7,15,1,0,1
59,2,6,9,4,0,1
60,3,7,19,1,0,1
61,3,7,15,1,0,1
62,3,7,9,4,0,1
63,3,7,19,1,0,1
64,2,8,18,2,0,2
65,2,8,18,2,0,2
66,2,5,16,1,0,1
67,3,7,19,1,2,1
68,2,8,18,2,0,2
69,3,7,19,1,2,1
70,1,10,10,2,0,2
71,3,7,19,1,0,1
72,2,8,18,2,0,2
73,2,5,9,1,0,1
74,2,5,16,1,0,1
75,3,7,19,1,2,1
76,2,8,18,2,0,2
77,2,5,9,1,0,1
78,2,5,9,2,0,2
79,2,8,18,2,0,2
80,2,5,9,2,0,2
81,2,10,16,1,0,1
82,3,7,19,1,0,1
83,2,10,16,1,0,1
84,3,7,19,1,0,1
85,3,7,19,1,2,1
86,3,7,19,1,0,1
87,3,7,19,3,0,1
88,3,7,19,1,2,1
89,2,6,9,2,0,2
90,2,5,9,2,0,2
91,2,10,16,1,0,1
92,3,7,19,3,2,1
93,2,5,9,2,0,2
94,2,10,16,1,0,1
95,2,10,16,1,0,1
96,2,5,9,2,0,2
97,2,5,9,1,0,1
98,2,5,16,1,0,1
99,2,8,18,2,0,2
100,2,5,9,1,0,1
101,2,10,16,1,0,1
102,2,10,16,1,0,1
103,3,7,15,1,0,1
104,2,10,16,1,0,1
105,2,10,16,1,0,1
106,2,5,16,1,0,1
107,2,5,9,1,0,2
108,3,7,15,1,0,1
109,3,7,15,1,0,1
110,2,10,18,2,0,2
111,3,7,19,1,0,1
112,2,10,17,3,0,1
113,2,5,9,1,0,1
114,2,6,16,1,0,1
115,2,5,9,1,0,1
116,2,5,9,1,0,1
117,2,5,9,2,0,2
118,2,5,9,2,2,2
119,2,5,9,1,0,1
120,3,7,19,1,0,1
121,3,7,15,1,0,1
122,3,7,19,1,2,1
123,3,7,15,1,0,1
124,2,9,18,2,0,2
125,2,5,9,1,0,2
126,3,7,15,1,0,1
127,3,7,15,1,0,1
128,2,5,9,2,0,2
129,2,5,9,2,0,2
130,3,7,19,1,1,1
131,3,7,15,1,0,1
132,2,8,18,2,0,2
133,3,7,15,1,0,1
134,2,10,18,2,0,2
135,3,7,16,1,0,1
136,2,10,18,2,0,2
137,2,5,16,1,2,1
138,3,7,16,1,2,1
139,3,7,9,1,0,1
140,3,7,19,1,1,1
141,3,7,16,1,0,1
142,2,5,9,2,2,2
143,3,7,19,1,2,1
144,2,4,16,1,0,1
145,2,5,9,1,2,1
146,2,4,16,1,0,1
147,2,8,18,2,0,2
148,2,10,16,1,0,1
149,2,5,9,1,2,1
150,2,5,16,1,4,1
151,3,7,19,1,0,1
152,3,7,19,1,2,1
153,2,5,9,1,1,1
154,3,7,19,1,0,1
155,3,7,19,1,2,1
156,3,7,15,1,2,1
157,2,5,9,2,0,2
158,2,10,18,2,2,2
159,3,7,15,1,2,1
160,3,7,19,1,2,1
161,3,7,19,1,2,1
162,3,7,16,1,4,1
163,2,10,18,2,1,2
164,3,7,19,1,2,1
165,2,5,9,2,2,2
166,3,7,15,1,2,1
167,3,7,15,1,2,1
168,2,5,9,2,2,2
169,2,5,9,2,2,2
170,2,5,9,1,2,1
171,3,7,19,1,0,1
172,2,5,9,2,0,2
173,2,5,9,2,2,2
174,3,7,15,1,0,1
175,2,5,9,2,2,1
176,2,5,4,1,0,1
177,2,4,9,1,2,1
178,2,5,16,1,2,1
179,2,5,9,1,2,1
180,2,5,9,1,2,1
181,2,5,9,1,0,1
182,3,7,15,1,0,1
183,3,7,19,1,0,1
184,2,8,18,2,2,2
185,3,7,19,1,2,1
186,3,7,15,1,2,1
187,2,5,9,1,2,1
188,2,5,9,2,0,2
189,2,5,9,1,0,1
190,2,5,9,1,0,1
191,3,7,16,2,0,2
192,2,5,9,1,2,1
193,2,5,9,1,2,1
194,2,5,9,1,2,1
195,2,5,16,1,0,1
196,2,5,9,1,0,1
197,2,5,16,1,4,1
198,2,10,16,1,4,1
199,2,6,9,2,4,2
200,2,5,9,4,4,1
201,2,5,9,4,4,1
202,2,6,9,1,4,1
203,3,7,16,1,4,1
204,2,10,16,2,4,2
205,3,7,16,1,4,1
206,3,7,19,1,4,1
207,2,5,9,2,0,2
208,2,10,10,2,0,2
209,3,7,19,1,0,1
210,3,7,19,1,4,1
211,3,7,19,1,4,1
212,3,7,19,1,2,1
213,3,7,9,2,4,2
214,2,5,9,2,4,2
215,3,7,16,1,4,1
216,3,7,16,1,4,1
217,2,8,18,2,4,2
218,3,7,16,1,0,1
219,3,7,19,1,4,1
220,3,7,16,1,0,1
221,2,10,18,2,0,2
222,3,7,16,1,0,1
223,2,10,16,1,4,1
224,3,7,19,1,0,1
225,2,10,18,2,0,2
226,2,10,16,1,4,1
227,3,7,19,1,4,1
228,3,7,19,1,4,1
229,2,9,18,2,0,2
230,2,4,16,2,4,2
231,2,10,16,1,0,1
232,3,7,19,1,0,1
233,3,7,19,1,0,1
234,3,7,19,1,0,1
235,2,5,16,1,0,1
236,3,7,19,1,4,1
237,2,8,18,2,4,2
238,2,10,16,1,2,1
239,3,7,16,1,4,1
240,2,8,18,2,4,2
241,2,5,9,1,4,1
242,2,5,9,1,1,1
243,2,4,16,1,4,1
244,2,5,9,4,4,1
245,2,10,16,1,4,1
246,2,10,16,1,0,1
247,2,5,9,1,0,1
248,2,2,10,1,4,1
249,3,7,19,1,0,1
250,2,10,18,2,0,2
251,3,7,15,1,4,1
252,3,7,19,1,0,1
253,3,7,9,1,4,1
254,2,10,16,1,0,1
255,2,8,18,2,4,2
256,2,10,16,1,4,1
257,3,7,15,1,0,1
258,3,7,15,1,4,1
259,3,7,19,1,0,1
260,3,7,19,1,4,1
261,2,5,9,2,2,2
262,3,7,15,1,4,1
263,3,7,16,1,0,1
264,3,7,15,1,2,1
265,3,7,9,4,4,1
266,3,7,15,1,4,1
267,3,7,15,1,4,1
268,3,7,16,1,4,1
269,3,7,15,1,0,1
270,3,7,16,1,0,1
271,3,7,9,4,4,1
272,3,7,15,1,4,1
273,2,5,9,1,2,1
274,3,7,15,1,4,1
275,2,8,18,2,4,2
276,1,10,10,1,4,1
277,3,7,19,1,2,1
278,3,7,19,1,4,1
279,2,8,18,2,0,2
280,3,7,15,1,4,1
281,2,8,18,2,4,2
282,1,10,10,1,4,1
283,1,10,10,1,4,1
284,3,7,19,1,0,1
285,1,10,10,1,0,1
286,2,5,9,2,0,2
287,3,7,16,1,0,1
288,2,5,9,2,4,1
289,2,5,9,1,4,1
290,2,5,9,2,4,2
291,3,7,19,1,4,1
292,3,7,19,1,4,1
293,2,5,9,1,0,1
294,1,10,10,2,4,2
295,3,7,19,1,0,1
296,3,7,19,1,4,1
297,2,5,9,4,4,1
298,2,5,9,1,4,1
299,2,5,9,3,2,1
300,3,7,16,1,4,1
301,3,7,19,1,4,1
302,3,7,19,1,0,1
303,2,6,9,1,4,1
304,2,4,16,1,4,1
305,3,7,19,1,0,1
306,2,8,18,2,0,2
307,2,6,9,4,4,1
308,3,7,16,1,2,1
309,2,9,16,1,0,1
310,2,10,18,2,4,2
311,2,9,11,2,4,2
312,3,7,16,1,0,1
313,2,10,16,2,0,2
314,2,8,18,2,4,2
315,3,7,19,1,4,1
316,2,6,9,4,4,1
317,3,7,19,1,4,1
318,2,5,9,4,0,1
319,2,3,16,1,2,1
320,1,10,10,2,4,2
321,2,5,16,3,0,1
322,2,5,16,1,4,1
323,1,10,10,2,0,2
324,2,5,9,1,0,1
325,3,7,9,1,0,1
326,3,7,9,1,0,1
327,2,5,9,1,0,1
328,2,5,4,1,0,1
329,2,7,9,1,4,1
330,1,10,10,2,0,2
331,1,10,10,1,0,2
332,1,10,10,2,4,2
333,2,5,9,2,0,2
334,2,5,9,2,0,2
335,2,10,16,1,0,1
336,2,10,9,1,2,1
337,1,10,10,2,0,2
338,2,5,9,2,0,2
339,2,10,10,1,0,1
340,2,2,10,1,0,1
341,3,10,9,1,0,1
342,3,7,4,1,0,1
343,2,5,9,2,0,2
344,3,7,9,1,0,1
345,3,7,9,1,0,1
346,3,7,4,1,0,1
347,3,7,10,1,0,1
348,3,10,18,2,3,2
349,1,10,4,1,0,1
350,3,7,19,1,1,1
351,2,10,4,1,0,1
352,3,7,4,1,0,1
353,2,5,9,1,0,1
354,2,5,9,1,0,1
355,2,5,9,1,0,1
356,3,7,9,1,0,1
357,2,6,19,1,0,1
358,1,10,10,2,2,2
359,2,8,18,1,2,2
360,3,7,19,1,0,1
361,2,5,9,1,0,1
362,2,5,16,1,2,1
363,2,5,16,1,2,1
364,2,5,9,1,2,1
365,2,5,9,1,0,1
366,2,10,9,1,0,1
367,1,10,10,2,0,2
368,2,2,9,1,0,1
369,2,8,4,1,2,1
370,3,7,9,1,0,1
371,2,10,4,1,2,1
372,3,10,9,1,0,1
373,2,2,10,2,3,2
374,3,7,9,1,0,1
375,1,10,10,2,3,2
376,2,5,9,1,0,1
377,3,7,16,1,1,1
378,2,10,9,1,2,1
379,2,5,4,1,2,1
380,2,10,18,2,0,2
381,2,8,10,2,0,2
382,3,7,9,1,0,1
383,3,7,7,1,2,1
384,2,5,9,1,0,1
385,2,10,16,1,1,1
386,2,4,1,1,2,1
387,3,7,19,2,3,2
388,1,10,1,2,0,1
389,2,5,9,1,2,1
390,2,10,9,1,2,1
391,2,5,9,1,0,1
392,2,10,10,2,0,2
393,3,7,9,1,0,1
394,3,7,9,1,0,1
395,2,6,19,1,0,1
396,2,6,19,1,2,1
397,3,10,18,1,3,2
398,3,10,9,1,0,1
399,2,10,9,1,2,1
400,2,10,9,1,2,1
401,2,10,18,2,0,2
402,2,5,4,1,0,1
403,2,2,10,1,3,1
404,2,5,6,1,3,1
405,3,7,9,1,2,1
406,2,5,4,1,0,1
407,2,8,10,1,0,2
408,3,7,9,1,2,1
409,2,5,9,1,2,1
410,3,10,9,1,0,1
411,2,5,9,1,0,1
412,2,5,9,1,0,1
413,3,7,9,1,4,1
414,2,8,10,2,0,2
415,2,5,9,1,2,1
416,2,8,4,1,0,1
417,2,5,9,1,0,1
418,2,10,9,1,0,1
419,2,5,9,1,0,1
420,2,5,9,1,2,1
421,2,5,4,2,3,2
422,3,7,15,1,2,1
423,2,10,9,1,2,1
424,2,5,4,2,3,2
425,3,7,19,1,3,2
426,2,10,10,2,2,2
427,2,5,9,1,4,1
428,3,7,9,1,0,1
429,2,5,9,1,0,2
430,3,7,9,1,4,1
431,2,5,9,1,0,2
432,2,8,18,2,2,2
433,2,8,18,1,2,2
434,2,5,9,1,0,1
435,3,7,9,1,0,1
436,3,7,9,1,0,1
437,3,7,9,1,0,1
438,3,7,9,1,4,1
439,2,4,9,1,0,1
440,2,4,9,1,0,1
441,1,4,9,1,0,1
442,1,4,9,1,0,1
443,1,4,9,1,0,1
444,3,10,4,1,0,1
445,3,7,9,1,4,1
446,2,10,18,2,3,2
447,2,10,18,1,3,2
448,2,5,9,1,4,1
449,3,7,9,1,1,1
450,3,7,9,1,4,1
451,3,7,9,1,4,1
452,2,5,10,1,0,1
453,3,7,4,1,0,1
454,1,10,10,2,4,2
455,3,7,4,1,0,1
456,2,5,9,1,1,1
457,3,7,4,1,0,1
458,3,7,9,1,0,1
459,2,10,9,1,0,1
460,1,10,10,1,0,1
461,2,5,9,1,4,1
462,1,10,10,1,0,2
463,2,5,9,1,4,1
464,2,8,18,2,0,2
465,2,6,9,1,4,1
466,2,10,9,1,0,1
467,2,5,9,1,4,1
468,2,10,1,2,0,2
469,1,10,10,1,0,1
470,1,10,10,1,4,1
471,1,10,10,2,0,2
472,1,10,10,2,0,2
473,3,7,15,1,0,1
474,3,7,16,1,4,1
475,2,5,9,1,0,1
476,1,10,1,2,2,2
477,2,5,4,1,0,1
478,3,7,4,1,0,1
479,3,7,9,1,4,1
480,1,10,10,1,4,1
481,2,5,9,1,0,2
482,3,7,9,1,4,1
483,3,7,19,1,4,1
484,3,7,19,1,4,1
485,3,10,9,1,4,1
486,2,10,4,1,2,1
487,2,8,4,1,2,1
488,3,7,19,1,4,1
489,3,7,15,1,0,1
490,2,10,9,1,4,1
491,3,7,16,1,4,1
492,1,10,10,2,0,2
493,2,5,4,1,2,1
494,3,7,16,1,0,1
495,2,5,4,1,0,1
496,2,5,9,1,0,1
497,1,2,10,2,0,2
498,3,7,19,1,0,1
499,3,7,4,1,4,1
500,2,5,16,1,2,1
501,3,10,9,1,4,1
502,3,7,16,1,0,1
503,3,7,19,1,1,1
504,3,7,19,1,2,1
505,3,7,9,1,0,2
506,2,5,9,1,2,1
507,2,10,16,1,0,1
508,2,5,9,1,0,1
509,3,7,16,1,0,1
510,1,10,9,1,0,1
511,1,10,16,1,0,1
512,3,7,9,1,0,1
513,3,7,4,1,0,1
514,3,10,9,1,0,1
515,3,7,9,1,1,1
516,2,5,9,1,2,1
517,3,7,4,1,3,1
518,2,9,18,2,3,2
519,2,9,18,1,3,2
520,2,5,16,1,4,1
521,3,7,15,1,4,1
522,2,5,4,1,3,2
523,2,5,9,1,4,1
524,2,5,9,2,0,2
525,1,3,12,1,0,1
526,2,5,9,1,2,1
527,2,10,10,1,0,2
528,3,10,9,1,0,1
529,1,10,10,1,2,2
530,3,7,4,1,4,1
531,2,10,1,1,0,2
532,1,10,10,2,0,2
533,3,10,19,1,4,1
534,3,7,6,1,0,1
535,3,7,4,1,2,1
536,2,5,10,1,4,1
537,3,7,9,1,0,1
538,3,7,9,1,0,1
539,2,5,9,1,4,1
540,3,10,9,1,0,1
541,1,10,10,2,0,2
542,1,10,10,2,0,2
543,3,7,4,1,4,1
544,1,10,18,1,0,2
545,3,7,4,1,4,1
546,1,4,10,2,0,2
547,2,5,4,1,4,1
548,1,10,10,2,0,2
549,3,7,9,1,0,1
550,3,7,9,1,0,1
551,3,7,4,2,0,2
552,3,7,4,1,0,1
553,3,7,9,1,0,1
554,2,5,9,1,4,1
555,2,10,10,1,0,1
556,2,10,10,1,0,1
557,2,5,9,1,4,1
558,3,7,4,1,0,1
559,2,4,4,1,0,1
560,2,10,10,2,1,1
561,2,10,10,1,1,1
562,3,7,9,1,0,1
563,1,10,10,2,0,2
564,3,7,9,1,0,1
565,1,10,10,2,0,2
566,3,7,19,1,0,1
567,3,7,9,1,0,1
568,3,7,9,1,4,1
569,1,10,10,2,2,2
570,1,10,10,2,0,2
571,3,10,16,1,0,1
572,1,10,10,2,0,2
573,2,10,16,1,0,1
574,3,7,19,1,0,1
575,3,7,19,1,0,1
576,1,10,10,2,0,2
577,3,7,9,1,0,1
578,3,7,9,1,0,1
579,3,7,9,1,0,1
580,2,4,4,1,0,1
581,3,7,19,1,3,1
582,3,7,9,1,4,1
583,1,10,10,2,0,2
584,2,5,9,1,0,1
585,3,7,16,1,0,1
586,3,7,19,1,0,1
587,2,10,9,1,0,1
588,3,7,16,1,4,1
589,1,10,10,2,0,2
590,3,7,10,2,2,2
591,2,6,19,1,3,1
592,3,7,19,1,4,1
593,3,7,16,1,4,1
594,1,5,4,1,0,1
595,2,8,18,2,3,2
596,1,10,10,2,0,2
597,1,8,10,2,2,2
598,1,10,10,2,0,2
599,1,10,10,2,2,2
600,3,7,19,1,3,1
601,3,7,9,1,3,1
602,1,10,10,2,2,2
603,3,7,19,1,4,1
604,3,7,19,1,4,1
605,3,7,19,1,0,1
606,1,10,10,2,3,2
607,2,5,9,1,0,2
608,2,5,9,1,3,1
609,2,5,9,1,2,1
610,3,7,19,1,4,1
611,1,10,10,1,0,2
612,1,10,10,2,0,2
613,2,10,18,2,2,2
614,2,4,9,2,0,2
615,2,5,4,1,4,1
616,2,10,4,1,0,1
617,2,5,9,2,0,2
618,2,5,4,1,0,1
619,2,8,18,2,0,2
620,1,10,10,2,2,2
621,1,10,10,2,0,2
622,2,5,4,1,0,1
623,1,10,10,2,0,2
624,3,7,19,1,4,1
625,2,5,4,1,3,1
626,2,4,9,2,0,2
627,2,5,9,1,4,1
628,1,10,9,2,0,2
629,3,7,19,4,0,1
630,3,7,19,1,0,1
631,2,10,18,2,0,2
632,2,5,9,2,0,2
633,3,7,19,1,0,1
634,2,2,10,1,0,2
635,3,7,19,1,2,1
636,3,7,19,1,0,1
637,3,7,9,1,0,1
638,3,10,9,1,0,1
639,3,7,19,1,0,1
640,1,10,10,2,0,2
641,3,7,9,1,0,1
642,1,10,9,2,0,2
643,3,7,9,1,0,1
644,3,7,19,1,4,1
645,1,10,10,2,0,2
646,1,10,10,1,0,2
647,3,7,19,1,4,1
648,2,10,10,2,0,2
649,3,7,19,1,4,1
650,3,7,19,1,4,1
651,2,10,9,2,0,2
652,3,7,19,1,3,1
653,2,10,4,2,3,1
654,2,10,4,1,3,1
655,3,7,16,1,2,1
656,1,10,10,2,3,2
657,3,7,4,1,4,1
658,1,10,10,2,2,2
659,2,8,10,2,0,2
660,1,10,10,2,0,2
661,2,5,7,2,3,1
662,2,5,7,1,3,1
663,3,7,19,1,4,1
664,2,5,4,2,3,2
665,2,5,9,1,0,1
666,2,8,18,2,3,2
667,2,5,9,2,0,2
668,2,5,9,1,4,1
669,1,10,10,1,0,2
670,2,10,4,1,0,1
671,2,10,9,2,0,2
672,3,7,19,1,4,1
673,2,10,10,1,0,1
674,3,7,19,2,0,2
675,2,5,4,1,0,1
676,1,2,10,2,0,2
677,3,7,19,1,4,1
678,2,4,9,1,0,2
679,2,5,4,1,4,1
680,2,10,9,1,4,1
681,1,10,10,2,0,2
682,1,2,10,2,0,2
683,2,5,9,1,4,1
684,2,10,18,1,0,2
685,2,5,9,1,4,1
686,2,5,9,1,4,1
687,1,10,10,2,0,2
688,2,5,10,2,0,2
689,2,10,18,2,2,2
690,2,10,4,1,0,1
691,2,5,9,2,0,2
692,1,10,10,2,2,2
693,2,8,18,2,2,2
694,2,5,9,2,2,2
695,2,10,9,1,4,1
696,2,10,9,1,4,1
697,2,10,10,2,2,2
698,2,10,10,1,2,2
699,1,10,10,2,2,2
700,2,10,9,1,0,1
701,2,10,9,1,4,1
702,1,10,10,2,0,2
703,2,10,4,1,0,1
704,2,4,9,1,0,2
705,2,10,9,1,0,1
706,2,5,4,1,0,1
707,2,4,10,1,0,1
708,2,4,4,1,4,1
709,2,10,9,1,4,1
710,3,7,9,1,0,1
711,3,7,19,1,4,1
712,2,5,10,2,2,2
713,2,8,13,2,0,2
714,3,7,19,1,0,2
715,3,7,19,1,3,1
716,2,10,9,1,0,1
717,2,2,10,2,2,2
718,3,7,19,1,4,1
719,2,8,18,1,2,2
720,2,10,18,2,0,2
721,3,7,19,1,4,1
722,2,5,9,1,0,1
723,3,10,19,1,0,1
724,3,7,19,1,0,1
725,3,7,16,1,0,1
726,3,7,19,1,4,1
727,3,10,9,1,4,1
728,3,7,9,1,0,1
729,1,10,10,2,2,2
730,2,5,4,1,2,1
731,3,10,9,1,4,1
732,3,7,19,1,4,1
733,2,10,10,2,2,2
734,1,10,10,2,1,2
735,2,10,4,2,0,2
736,1,10,10,2,1,2
737,3,7,19,1,4,1
738,3,7,19,1,0,1
739,3,7,9,1,0,1
740,3,7,9,1,0,1
741,1,2,10,1,0,2
742,1,10,10,1,1,2
743,1,10,10,2,2,2
744,2,5,9,1,3,1
745,3,7,19,1,0,1
746,3,7,19,1,4,1
747,1,10,10,2,0,2
748,3,7,19,1,4,1
749,2,5,9,1,2,1
750,1,10,10,2,0,2
751,1,10,10,2,1,2
752,1,10,10,2,0,2
753,3,7,4,1,4,1
754,3,7,19,1,4,1
755,3,7,19,1,0,1
756,3,7,19,1,4,1
757,2,5,9,2,0,2
758,3,7,9,1,0,1
759,3,7,9,1,0,1
760,3,7,9,1,0,1
761,2,5,9,1,2,1
762,3,7,19,1,0,1
763,3,7,19,1,0,1
764,3,7,19,1,4,1
765,3,7,19,1,4,1
766,1,10,10,1,1,2
767,3,7,19,1,3,1
768,3,7,9,1,4,1
769,3,7,16,1,4,1
770,3,7,19,1,4,1
771,3,7,16,1,4,1
772,1,10,10,2,0,2
773,2,10,4,1,0,1
774,2,5,9,1,4,1
775,2,5,10,2,2,2
776,2,10,1,2,1,2
777,2,10,1,1,1,2
778,2,5,9,2,2,2
779,2,10,1,2,2,2
780,2,5,9,2,0,2
781,2,10,9,1,0,2
782,2,5,4,1,4,1
783,3,7,18,1,4,1
784,3,7,18,1,4,1
785,2,5,9,1,2,1
786,1,10,10,2,2,2
787,3,7,18,1,4,1
788,3,7,16,1,0,1
789,1,10,10,2,0,2
790,2,5,9,1,0,1
791,3,7,19,1,0,1
792,3,7,15,1,4,1
793,2,5,4,2,2,2
794,2,10,10,2,2,2
795,3,7,18,1,4,1
796,2,10,4,2,2,2
797,3,7,19,1,2,1
798,3,7,19,1,2,1
799,2,5,5,1,2,1
800,3,7,15,1,4,1
801,3,7,19,1,4,1
802,2,5,10,1,2,2
803,3,7,9,1,4,1
804,3,7,9,1,0,1
805,3,7,9,1,0,1
806,3,7,9,1,4,1
807,1,10,10,2,0,2
808,3,7,19,1,4,1
809,1,10,10,2,0,2
810,3,7,9,1,4,1
811,2,5,4,1,4,1
812,3,7,19,2,0,2
813,3,7,16,1,4,1
814,3,7,19,1,0,1
815,2,5,9,1,4,1
816,1,10,15,1,4,1
817,3,10,4,1,0,1
818,2,10,4,1,0,1
819,3,7,19,1,4,1
820,3,7,19,1,4,1
821,3,7,19,1,0,1
822,2,10,4,1,0,1
823,3,7,16,1,0,1
824,3,7,19,1,3,1
825,3,7,16,1,4,1
826,3,7,19,1,4,1
827,1,10,10,2,1,2
828,3,7,19,1,0,1
829,3,7,19,1,0,1
830,3,7,19,1,0,1
831,3,7,19,1,0,1
832,3,7,16,1,0,1
833,3,7,16,1,0,1
834,3,7,9,1,0,1
835,3,7,19,1,0,1
836,3,7,19,1,0,1
837,3,7,19,1,0,1
838,3,7,19,1,0,1
839,3,7,19,1,0,1
840,2,8,4,1,1,1
841,3,7,19,1,0,1
842,3,7,19,1,0,1
843,2,10,15,1,0,1
844,3,7,19,1,4,1
845,3,7,19,1,4,1
846,2,10,10,2,4,2
847,1,10,10,2,2,2
848,3,7,19,1,4,1
849,3,7,19,1,4,1
850,3,7,19,1,2,1
851,3,7,19,1,0,1
852,3,7,19,1,4,1
853,2,10,9,1,4,1
854,3,7,19,1,4,1
855,3,7,4,2,0,2
856,1,10,10,2,0,2
857,3,7,19,1,0,1
858,2,5,4,1,0,1
859,1,10,10,2,4,2
860,3,7,9,1,4,1
861,3,7,19,1,0,1
862,3,7,19,1,0,1
863,2,10,10,2,4,2
864,3,7,19,1,4,1
865,1,2,10,2,1,2
866,3,7,19,1,0,1
867,3,7,9,1,0,1
868,3,7,19,1,0,1
869,3,7,9,1,0,1
870,3,7,19,1,4,1
871,3,7,19,1,0,1
872,2,10,10,1,4,2
873,2,5,9,2,0,2
874,2,5,9,1,0,2
875,2,8,18,2,0,2
876,3,7,19,1,4,1
877,3,7,19,1,4,1
878,3,7,19,1,4,1
879,1,10,10,2,0,1
880,3,7,19,1,4,1
881,3,7,4,1,4,1
882,3,7,9,1,4,1
883,3,7,19,1,0,1
884,3,7,19,1,0,1
885,3,10,10,2,0,2
886,1,2,10,1,0,2
887,3,7,4,1,4,1
888,3,7,9,1,4,1
889,3,7,19,1,4,1
890,3,7,19,1,4,1
891,2,5,8,1,4,1
892,3,10,10,2,4,2
893,3,7,19,1,4,1
894,3,7,19,1,0,1
895,3,7,19,1,4,1
896,3,7,19,1,0,1
897,3,7,19,1,0,1
898,3,7,19,1,4,1
899,3,7,19,1,0,1
900,2,10,9,2,4,2
901,2,5,9,1,0,1
902,3,7,19,1,0,1
903,3,7,19,1,4,1
904,3,7,19,1,2,1
905,3,7,19,1,4,1
906,3,7,19,1,4,1
907,3,7,19,1,4,1
908,3,7,19,1,4,1
909,3,7,9,1,4,1
910,3,7,19,1,4,1
911,3,7,19,1,0,1
912,3,7,19,2,0,2
913,2,5,4,1,0,1
914,1,10,10,2,0,2
915,3,7,9,2,0,1
916,3,7,19,1,0,1
917,1,10,10,2,0,2
918,2,5,9,2,4,2
919,2,5,9,1,4,2
920,1,10,10,2,4,2
921,3,7,19,1,0,1
922,3,7,19,1,0,1
923,2,4,9,2,4,2
924,3,7,19,1,4,1
925,3,7,19,1,4,1
926,3,7,4,1,0,1
927,3,7,19,1,4,1
928,3,7,4,1,4,1
929,1,8,10,2,0,2
930,1,8,10,1,0,2
931,3,7,4,1,2,1
932,3,7,4,1,0,1
933,2,8,16,1,0,1
934,1,10,10,2,2,2
935,1,10,10,1,2,2
936,2,10,4,2,0,2
937,3,7,4,1,0,1
938,3,7,19,1,0,1
939,3,7,19,1,0,1
940,3,7,19,1,4,1
941,3,7,9,1,4,1
942,3,7,4,1,0,1
943,1,2,10,1,2,1
944,2,5,9,1,4,1
945,1,10,10,1,0,1
946,2,10,4,1,0,2
947,3,10,19,1,0,1
948,3,7,15,1,4,1
949,3,10,19,1,4,1
950,3,7,10,1,4,1
951,1,10,10,2,4,2
952,2,5,4,2,0,2
953,3,7,19,1,4,1
954,1,10,19,1,4,1
955,2,5,9,1,0,1
956,1,10,10,2,4,2
957,3,7,19,1,4,1
958,3,7,19,1,0,1
959,1,10,10,2,0,2
960,1,10,19,1,4,1
961,1,10,19,1,4,1
962,3,7,10,2,0,2
963,1,10,10,2,4,2
964,1,10,19,1,4,1
965,3,7,19,1,2,1
966,1,10,19,1,4,1
967,2,5,4,1,0,2
968,3,7,19,1,4,1
969,2,4,9,1,4,2
970,3,7,19,1,4,1
971,3,7,19,1,4,1
972,2,10,10,2,4,2
973,2,5,9,1,0,1
974,1,10,10,2,0,2
975,3,7,10,2,0,2
976,2,10,9,2,0,2
977,2,10,9,2,4,2
978,2,5,4,1,0,1
979,2,10,9,1,0,1
980,2,5,9,1,0,1
981,3,7,9,1,0,1
982,3,7,9,1,0,1
983,3,7,4,1,0,1
984,3,7,4,1,0,1
985,1,10,10,1,0,2
986,2,6,9,1,4,1
987,2,4,10,2,0,2
988,3,7,17,1,4,1
989,3,7,9,2,0,2
990,1,10,10,1,4,1
991,3,10,9,1,0,1
992,3,7,9,1,0,1
993,3,7,9,1,0,2
994,1,4,18,2,0,2
995,3,7,9,1,0,1
996,3,7,9,1,0,1
997,3,7,4,1,4,1
998,3,7,19,1,4,1
999,3,7,17,1,4,1
1000,2,5,4,1,4,1
1001,2,10,10,2,0,2
1002,2,5,9,1,0,1
1003,3,7,19,1,0,1
1004,2,5,9,1,0,1
1005,1,10,10,2,0,2
1006,3,7,9,1,0,1
1007,1,10,10,2,0,2
1008,1,10,10,2,0,2
1009,3,7,9,1,4,1
1010,3,7,19,1,4,1
1011,1,6,17,1,4,1
1012,2,10,16,1,0,1
1013,2,2,10,2,0,2
1014,3,7,9,1,4,1
1015,3,7,19,1,4,1
1016,1,10,10,1,4,2
1017,1,2,10,1,4,1
1018,2,10,10,2,4,2
1019,3,7,10,1,0,2
1020,3,7,19,1,4,1
1021,3,7,9,1,0,1
1022,3,7,9,1,0,1
1023,3,7,9,1,0,1
1024,3,7,9,1,0,1
1025,2,8,18,2,0,2
1026,3,7,10,1,4,1
1027,3,7,19,1,4,1
1028,2,8,18,1,0,2
1029,2,10,9,2,0,2
1030,1,10,10,2,0,2
1031,3,7,9,2,0,2
1032,2,5,9,2,0,2
1033,1,10,9,2,0,2
1034,1,10,9,2,0,2
1035,3,7,16,2,2,2
1036,2,5,9,2,4,2
1037,2,5,9,2,2,2
1038,3,10,4,2,4,2
1039,3,10,9,2,0,2
1040,3,10,9,2,0,2
1041,1,2,10,2,0,2
1042,3,7,4,2,0,2
1043,2,5,4,2,0,2
1044,3,7,9,1,0,2
1045,3,10,9,2,0,2
1046,1,10,1,2,2,2
1047,3,7,9,2,4,2
1048,1,2,10,2,4,2
1049,3,7,9,1,4,2
1050,3,7,16,2,0,2
1051,3,10,9,2,0,2
1052,3,7,19,2,4,2
1053,3,7,19,2,4,2
1054,3,7,10,1,0,2
1055,1,1,10,2,0,2
1056,2,5,9,1,0,1
1057,1,10,10,2,4,2
1058,2,5,9,2,0,2
1059,2,5,9,1,0,2
1060,2,6,16,2,2,2
1061,2,10,16,1,1,1
1062,2,6,16,1,2,1
1063,3,7,9,1,0,1
1064,3,7,9,1,0,1
1065,3,7,9,1,0,1
1066,1,10,18,2,4,2
1067,1,10,18,1,4,2
1068,3,10,9,1,0,1
1069,3,10,9,1,0,1
1070,2,10,9,1,0,1
1071,1,10,1,1,0,1
1072,3,7,9,1,0,1
1073,3,7,9,1,0,1
1074,3,7,9,1,0,1
1075,3,7,9,1,0,1
1076,3,7,9,1,0,1
1077,3,7,9,1,0,1
1078,3,7,9,1,0,1
1079,3,7,9,1,0,1
1080,3,7,9,1,0,1
1081,3,7,9,1,0,1
1082,3,7,9,1,0,1
1083,1,10,10,1,0,1
1084,3,7,9,1,2,1
1085,3,7,9,1,0,1
1086,3,7,9,1,0,1
1087,3,7,9,1,0,1
1088,3,7,9,1,0,1
1089,1,10,18,2,4,2
1090,3,7,9,1,0,1
1091,3,7,9,1,0,1
1092,3,7,9,1,0,1
1093,3,10,9,1,0,1
1094,3,7,9,1,2,1
1095,3,7,9,1,0,1
1096,1,10,10,2,4,2
1097,2,5,9,1,2,1
1098,1,10,18,2,4,2
1099,3,7,19,1,0,1
1100,3,7,19,1,4,1
1101,1,10,10,2,0,2
1102,2,10,10,2,4,2
1103,2,10,9,1,0,1
1104,2,5,10,2,4,2
1105,3,7,9,1,0,1
1106,2,4,9,1,0,1
1107,2,8,10,2,4,2
1108,2,5,9,1,0,1
1109,2,5,9,1,0,1
1110,2,10,4,1,0,1
1111,2,10,10,1,4,1
1112,3,7,9,2,0,2
1113,2,5,4,2,0,2
1114,3,7,19,1,0,1
1115,2,5,9,1,0,1
1116,2,10,9,1,0,1
1117,2,5,9,1,0,1
1118,2,5,9,1,0,1
1119,3,7,16,1,0,1
1120,3,7,9,1,0,1
1121,2,10,10,1,4,1
1122,2,5,9,1,0,1
1123,3,7,9,2,4,2
1124,2,10,10,1,2,1
1125,2,5,4,2,0,2
1126,3,7,16,1,1,1
1127,2,5,4,1,0,1
1128,3,7,9,1,0,1
1129,2,8,10,2,4,2
1130,3,7,9,1,0,1
1131,2,10,9,1,4,1
1132,2,10,9,2,4,2
1133,2,8,18,2,4,2
1134,2,10,9,1,0,1
1135,2,5,5,2,0,2
1136,2,5,9,1,4,1
1137,2,2,10,2,0,2
1138,2,3,10,2,4,2
1139,2,3,10,1,4,2
1140,1,10,18,2,4,2
1141,2,8,10,2,4,2
1142,2,8,10,1,4,2
1143,2,5,9,1,2,1
1144,2,8,18,2,0,2
1145,2,8,18,1,0,1
1146,3,7,9,1,0,2
1147,2,5,4,1,0,2
1148,3,7,9,1,0,1
1149,3,7,9,1,0,1
1150,3,7,9,1,0,1
1151,3,7,9,1,0,1
1152,3,7,9,1,0,1
1153,2,3,18,1,4,2
1154,1,10,18,2,0,2
1155,2,10,4,1,0,1
1156,3,10,4,1,0,1
1157,2,5,4,1,2,1
1158,3,7,9,1,0,1
1159,3,7,9,1,0,1
1160,2,5,9,2,4,2
1161,3,7,9,1,0,1
1162,3,7,9,1,0,1
1163,3,7,9,1,0,1
1164,3,7,9,1,0,1
1165,3,7,9,1,0,1
1166,1,10,18,1,0,2
1167,1,10,10,2,4,2
1168,3,7,9,1,0,1
1169,2,5,9,1,0,1
1170,2,10,18,1,4,2
1171,3,10,19,1,0,1
1172,2,5,9,1,4,2
1173,2,10,10,1,0,1
1174,2,3,4,1,0,1
1175,2,5,9,1,2,1
1176,2,5,10,1,0,1
1177,2,4,4,1,4,1
1178,3,7,9,1,1,1
1179,2,10,10,1,0,1
1180,1,10,10,2,0,2
1181,1,10,10,1,2,1
1182,2,8,18,2,4,2
1183,3,7,19,1,2,1
1184,2,5,9,1,0,1
1185,1,10,1,1,0,1
1186,1,10,10,1,0,1
1187,2,5,15,1,0,1
1188,3,7,9,1,0,1
1189,3,7,15,1,0,1
1190,3,7,16,1,2,1
1191,3,7,15,1,0,1
1192,3,7,17,1,2,1
1193,2,10,10,1,0,2
1194,2,10,10,2,4,2
1195,2,8,10,2,0,2
1196,2,10,9,1,2,1
1197,1,10,9,1,0,1
1198,1,10,9,1,0,1
1199,3,7,19,1,0,1
1200,3,7,19,1,0,1
1201,2,8,18,1,4,2
1202,3,7,9,1,0,1
1203,3,7,9,1,0,1
1204,2,5,9,1,2,1
1205,1,10,10,2,4,1
1206,2,5,9,1,0,1
1207,3,10,10,2,4,2
1208,3,7,16,1,2,1
1209,1,10,10,2,4,2
1210,1,10,10,1,4,2
1211,2,5,9,1,2,1
1212,3,7,9,1,0,1
1213,2,5,9,1,4,1
1214,2,8,18,2,4,2
1215,3,10,4,1,4,1
1216,3,10,9,1,0,1
1217,3,7,4,1,0,1
1218,2,3,10,2,4,2
1219,2,10,9,2,4,2
1220,2,5,4,1,0,1
1221,2,6,9,2,4,2
1222,3,7,9,1,0,1
1223,2,5,9,1,0,1
1224,3,7,16,1,0,1
1225,3,7,19,1,2,1
1226,1,10,18,1,0,1
1227,3,7,19,1,4,1
1228,3,7,9,2,0,2
1229,3,10,9,1,0,1
1230,3,10,9,1,4,1
1231,3,10,9,1,0,1
1232,3,10,9,1,0,1
1233,3,7,9,1,0,1
1234,1,2,9,1,4,1
1235,3,7,19,1,4,1
1236,3,7,9,1,4,1
1237,3,10,9,1,4,1
1238,3,7,16,1,0,1
1239,2,5,9,2,4,2
1240,3,7,19,2,4,2
1241,3,7,19,1,4,1
1242,3,7,9,1,0,1
1243,3,7,19,1,4,1
1244,3,7,9,1,0,1
1245,3,7,19,1,4,1
1246,2,4,9,1,0,1
1247,3,7,19,2,4,2
1248,3,7,19,1,4,2
1249,2,10,4,2,0,2
1250,3,10,15,1,0,1
1251,3,7,19,1,4,1
1252,3,7,4,1,0,1
1253,3,7,9,1,0,1
1254,1,10,10,2,0,2
1255,2,10,18,2,2,2
1256,2,10,18,2,0,2
1257,1,10,9,2,0,2
1258,1,10,1,2,0,2
1259,3,7,9,2,0,2
1260,1,10,10,2,0,2
1261,3,10,9,2,0,2
1262,1,10,10,2,0,2
1263,2,5,9,2,0,2
1264,3,7,19,2,4,2
1265,3,7,19,1,4,2
1266,1,10,10,2,0,2
1267,2,5,9,2,0,2
1268,2,5,9,2,0,2
1269,1,10,10,2,4,2
1270,2,10,9,2,0,2
1271,2,5,4,2,2,2
1272,1,10,10,2,0,2
1273,1,10,10,2,0,2
1274,1,10,10,2,0,2
1275,1,10,10,2,0,2
1276,1,10,1,2,0,2
1277,3,10,9,1,4,1
1278,1,10,1,2,0,2
1279,3,7,9,2,0,2
1280,3,7,9,2,0,2
1281,2,10,10,2,0,2
1282,1,10,10,2,0,2
1283,3,7,9,2,0,2
1284,1,10,1,2,4,2
1285,1,10,10,2,0,2
1286,1,10,10,2,2,2
1287,2,10,9,2,0,2
1288,2,10,1,2,0,2
1289,1,10,10,2,4,2
1290,1,10,10,2,4,2
1291,2,10,18,2,2,2
1292,2,10,9,2,0,2
1293,1,10,10,2,0,2
1294,2,5,9,2,1,2
1295,3,7,4,2,4,2
1296,2,5,9,2,2,2
1297,1,10,1,2,2,2
1298,1,10,1,2,0,2
1299,1,10,10,2,2,2
1300,2,5,9,2,2,2
1301,2,8,18,2,0,2
1302,1,10,10,2,0,2
1303,1,10,10,2,0,2
1304,1,10,10,2,4,2
1305,3,10,9,1,0,1
1306,2,10,4,2,2,2
1307,1,10,10,1,0,2
1308,1,10,1,2,4,2
1309,1,10,1,1,4,2
1310,2,5,9,2,0,2
1311,3,7,9,2,0,2
1312,2,4,9,2,0,2
1313,1,10,10,2,0,2
1314,2,10,9,2,0,2
1315,1,10,10,2,0,2
1316,1,10,10,2,0,2
1317,2,4,10,2,0,2
1318,2,4,10,2,0,2
1319,2,10,10,2,1,2
1320,1,10,10,2,2,2
1321,2,10,10,2,0,2
1322,2,10,10,2,0,2
1323,2,10,4,1,2,2
1324,3,7,9,2,0,2
1325,3,7,9,2,0,2
1326,1,10,10,2,2,2
1327,2,10,9,2,0,2
1328,2,10,18,2,0,2
1329,1,10,10,2,0,2
1330,1,10,10,2,0,2
1331,1,10,10,2,1,2
1332,1,10,10,1,1,2
1333,1,10,9,2,2,2
1334,2,5,9,2,2,2
1335,2,4,9,2,2,2
1336,2,5,9,2,0,2
1337,2,4,4,2,0,2
1338,2,2,10,2,0,2
1339,2,10,10,2,0,2
1340,3,7,9,2,0,2
1341,1,10,10,2,2,2
1342,1,10,10,2,2,2
1343,2,10,9,2,0,2
1344,2,5,9,2,4,2
1345,1,10,10,2,0,2
1346,3,7,9,2,0,2
1347,1,10,9,2,0,2
1348,3,7,16,2,1,2
1349,1,2,10,2,0,2
1350,1,10,10,2,0,2
1351,2,8,18,2,2,2
1352,2,5,9,2,2,2
1353,2,10,10,2,0,2
1354,1,10,10,2,0,2
1355,1,10,10,2,0,2
1356,3,7,9,2,0,2
1357,2,5,4,2,0,2
1358,2,10,1,2,2,2
1359,1,10,10,2,0,2
1360,1,10,10,2,0,2
1361,2,5,9,2,0,2
1362,2,5,9,2,0,2
1363,1,10,10,2,4,2
1364,1,10,10,1,4,2
1365,1,10,10,2,0,2
1366,3,10,10,2,4,2
1367,1,10,10,2,4,2
1368,2,10,10,2,0,2
1369,2,10,3,2,0,2
1370,3,7,4,2,0,2
1371,2,5,9,2,4,2
1372,1,10,10,2,0,2
1373,1,10,10,2,0,2
1374,1,2,10,2,2,2
1375,1,10,19,2,0,2
1376,1,10,19,2,4,2
1377,1,10,10,2,4,2
1378,1,10,10,2,4,2
1379,2,10,4,2,4,2
1380,2,10,4,2,0,2
1381,3,7,4,2,4,2
1382,1,10,10,2,4,2
1383,2,5,5,2,0,2
1384,2,5,9,2,4,2
1385,2,5,9,2,4,2
1386,3,7,14,1,0,2
1387,1,10,10,2,0,2
1388,2,5,9,2,4,2
1389,1,10,10,1,0,2
1390,2,4,9,2,0,2
1391,2,10,9,2,4,2
1392,2,10,9,1,0,2
1393,1,10,10,2,4,2
1394,1,10,10,2,4,2
1395,1,10,10,2,4,2
1396,2,8,10,2,0,2
1397,1,10,10,2,0,2
1398,3,7,9,2,0,2
1399,2,8,18,2,0,2
1400,1,10,10,2,0,2
1401,3,10,10,2,0,2
1402,1,10,1,2,4,2
1403,2,10,10,1,0,2
1404,1,10,10,2,4,2
1405,2,8,18,2,4,2
1406,1,10,10,2,4,2
1407,3,10,10,2,4,2
1408,2,8,18,1,0,2
1409,2,10,9,2,4,2
1410,3,10,10,1,0,2
1411,2,10,10,1,0,1
1412,1,10,10,2,4,2
1413,3,7,19,2,4,2
1414,2,10,10,2,4,2
1415,1,10,10,2,4,2
1416,3,7,9,2,0,2
1417,3,7,9,2,0,2
1418,3,7,19,2,4,2
1419,1,10,18,2,0,2
1420,1,10,10,1,4,2
1421,3,7,19,2,4,2
1422,3,7,19,2,0,2
1423,3,7,19,2,4,2
1424,1,10,10,2,4,2
1425,1,2,10,2,4,2
1426,3,10,9,2,0,2
1427,1,10,10,2,0,2
1428,3,10,9,1,0,2
1429,3,7,9,2,4,2
1430,3,7,9,2,0,2
1431,1,10,10,2,4,2
1432,1,10,10,2,4,2
1433,1,10,10,1,4,2
1434,1,2,10,2,4,2
1435,1,2,10,2,4,2
1436,1,2,19,2,2,2
1437,1,2,10,2,4,2
1438,1,10,10,2,4,2
1439,1,10,10,1,0,2
1440,2,10,18,2,4,2
1441,3,7,9,2,4,2
1442,1,10,10,2,1,2
1443,2,2,10,2,4,2
1444,2,5,9,1,4,2
1445,2,5,4,2,0,2
1446,2,5,4,1,0,2
1447,3,7,19,1,0,2
1448,2,10,9,2,0,2
1449,1,2,10,2,0,2
1450,1,10,10,1,4,2
1451,1,2,10,2,4,2
1452,2,10,10,2,4,2
1453,2,10,10,2,4,2
1454,3,7,4,2,0,2
1455,2,10,15,2,4,2
1456,2,10,9,2,4,2
1457,2,10,1,2,4,2
1458,2,10,4,2,0,2
1459,2,8,10,3,4,2
1460,2,8,18,2,4,2
1461,3,7,4,2,0,2
1462,2,8,18,1,4,2
1463,1,10,18,2,4,2
1464,3,10,1,2,4,2
1465,3,7,19,2,4,2
1466,2,10,9,2,4,2
1467,2,10,9,2,0,2
1468,3,7,10,2,4,2
1469,2,10,9,2,0,2
1470,3,10,19,2,4,2
1471,2,8,10,2,4,2
1472,2,5,18,2,0,2
1473,3,7,4,2,4,2
1474,3,7,19,1,4,1
1475,3,7,2,2,4,2
1476,1,2,10,1,0,2
1477,1,2,10,2,0,2
1478,2,8,18,2,0,2
1479,2,10,10,2,4,2
1480,1,2,10,2,0,2
1481,1,10,10,1,4,2
1482,1,2,10,1,0,2
1483,2,6,9,2,4,2
1484,2,8,18,2,0,2
1485,2,8,10,1,4,1
1486,1,10,10,1,4,2
1487,1,10,10,2,4,2
1488,1,2,10,2,4,2
1489,3,7,9,2,4,2
1490,2,10,9,2,4,2
1491,1,10,10,2,4,2
1492,1,10,10,2,4,2
1493,2,10,10,2,4,2
1494,2,10,10,2,4,2
1495,1,10,1,2,4,2
1496,3,7,19,2,4,2
1497,3,7,9,2,0,2
1498,1,10,1,2,0,2
1499,1,10,1,2,4,2
1500,1,10,1,2,4,2
1501,1,10,10,2,4,2
1502,3,7,19,2,4,2
1503,1,10,10,2,4,2
1504,1,10,1,2,4,2
1505,1,2,10,2,4,2
1506,1,2,10,2,4,2
1507,1,2,10,2,4,2
1508,3,10,1,1,4,2
1509,2,3,10,2,0,2
1510,1,10,10,2,4,2
1511,2,10,1,2,4,2
1512,2,5,9,2,0,2
1513,3,10,10,2,0,2
1514,1,10,10,2,4,2
1515,1,10,1,2,2,2
1516,1,2,10,2,0,2
1517,2,8,18,2,0,2
1518,1,10,1,2,0,2
1519,1,10,10,2,0,2
1520,1,10,10,2,4,2
1521,1,10,10,2,0,2
1522,2,5,9,2,0,2
1523,2,10,1,2,4,2
1524,1,10,10,2,4,2
1525,1,10,10,1,0,2
1526,1,10,10,2,0,2
1527,1,10,10,2,0,2
1528,2,8,18,1,4,2
1529,3,10,9,2,0,2
1530,1,10,10,2,0,2
1531,2,10,9,2,4,2
1532,1,2,10,2,4,2
1533,1,10,10,2,4,2
1534,2,5,9,2,0,2
1535,2,8,10,3,4,2
1536,3,7,9,2,4,2
1537,2,10,9,2,4,2
1538,2,10,10,2,4,2
1539,3,7,4,2,0,2
1540,2,5,9,2,2,2
1541,2,5,9,2,0,2
1542,1,10,18,1,4,2
1543,1,10,10,2,0,2
1544,1,10,10,2,0,2
1545,1,10,10,2,0,2
1546,2,8,18,2,0,2
1547,1,10,10,2,0,2
1548,1,10,10,1,2,2
1549,2,10,18,2,0,2
1550,2,8,18,2,0,2
1551,1,10,10,2,4,2
1552,2,10,9,2,0,2
1553,1,10,19,2,4,2
1554,1,10,10,2,0,2
1555,2,10,1,2,4,2
1556,2,5,9,2,0,2
1557,2,2,10,2,0,2
1558,2,10,18,2,2,2
1559,1,10,10,2,4,2
1560,3,7,9,2,0,2
1561,2,5,5,2,0,2
1562,2,8,18,2,0,2
1563,1,2,10,1,0,2
1564,1,10,10,2,0,2
1565,2,10,18,2,0,2
1566,1,10,10,2,0,2
1567,2,8,18,2,0,2
1568,2,10,9,2,0,2
1569,2,8,18,1,2,2
1570,2,4,9,2,0,2
1571,2,5,9,2,0,2
1572,1,10,10,2,0,2
1573,2,10,10,1,2,2
1574,1,10,1,2,4,2
1575,3,7,9,2,0,2
1576,1,10,10,2,0,2
1577,1,10,10,2,0,2
1578,1,10,9,2,0,2
1579,3,10,9,2,0,2
1580,2,5,10,2,4,2
1581,3,7,10,2,4,2
1582,1,10,10,2,0,2
1583,2,5,9,1,0,2
1584,1,10,9,2,0,2
1585,3,7,9,2,0,2
1586,2,10,9,2,4,2
1587,2,10,10,2,4,2
1588,2,8,18,2,0,2
1589,2,8,18,2,2,2
1590,2,6,9,2,4,2
1591,2,5,9,2,2,2
1592,1,10,10,2,2,2
1593,3,7,9,2,0,2
1594,2,10,10,2,4,2
1595,1,10,10,2,0,2
1596,1,10,10,2,0,2
1597,3,7,19,2,0,2
1598,2,10,18,2,0,2
1599,1,10,10,2,0,2
1600,1,2,10,1,0,2
1601,1,10,10,2,0,2
1602,1,10,10,2,0,2
1603,2,10,9,2,4,2
1604,1,10,10,2,0,2
1605,2,5,9,2,2,2
1606,2,5,4,2,0,2
1607,2,4,9,2,0,2
1608,2,10,10,2,0,2
1609,2,2,10,2,0,2
1610,3,10,10,2,0,2
1611,1,10,10,2,0,2
1612,1,10,10,2,0,2
1613,2,5,9,2,0,2
1614,1,10,10,1,0,2
1615,1,2,10,2,4,2
1616,1,10,10,2,1,2
1617,2,5,9,2,0,2
1618,2,5,9,2,1,2
1619,2,5,9,2,2,2
1620,1,10,10,2,0,2
1621,1,10,10,2,2,2
1622,1,10,10,2,0,2
1623,3,10,10,2,0,2
1624,2,10,10,2,2,2
1625,1,10,10,2,0,2
1626,2,5,4,1,3,2
1627,2,8,18,2,0,2
1628,2,8,18,2,4,2
1629,2,10,18,2,2,2
1630,1,10,10,2,2,2
1631,3,7,19,2,4,2
1632,2,8,18,2,0,2
1633,2,5,9,2,0,2
1634,3,7,19,2,4,2
1635,2,5,16,2,0,2
1636,3,7,9,2,0,2
1637,2,10,18,1,0,2
1638,2,5,9,2,0,2
1639,2,10,18,2,2,2
1640,3,10,9,2,0,2
1641,2,8,18,2,2,2
1642,1,10,10,2,0,2
1643,2,5,9,2,4,2
1644,2,8,18,2,0,2
1645,1,10,10,1,0,2
1646,2,3,10,2,0,2
1647,2,8,18,1,2,2
1648,1,10,9,2,0,2
1649,1,10,10,2,3,2
1650,2,8,18,2,0,2
1651,2,5,4,2,2,2
1652,3,10,9,2,0,2
1653,2,10,18,2,2,2
1654,1,10,10,2,4,2
1655,3,7,4,2,0,2
1656,2,5,9,2,4,2
1657,2,5,9,2,0,2
1658,2,8,18,2,4,2
1659,1,2,10,2,4,2
1660,3,7,9,2,4,2
1661,2,4,9,1,4,2
1662,2,10,4,2,4,2
1663,1,10,10,2,4,2
1664,1,10,10,2,4,2
1665,2,10,9,2,4,2
1666,2,5,9,2,2,2
1667,2,8,18,2,0,2
1668,1,10,10,2,0,2
1669,2,10,10,2,4,2
1670,1,10,10,2,0,2
1671,2,4,9,2,0,2
1672,3,7,9,1,4,2
1673,2,8,18,1,2,2
1674,1,10,10,2,0,2
1675,1,2,10,2,0,2
1676,2,5,9,2,0,2
1677,1,10,9,2,0,2
1678,1,10,10,2,0,2
1679,3,10,1,1,4,2
1680,2,5,9,2,4,2
1681,3,7,9,2,0,2
1682,1,2,10,2,4,2
1683,1,10,18,1,0,2
1684,3,7,9,2,0,2
1685,2,5,9,1,4,2
1686,2,8,18,2,4,2
1687,2,5,9,2,4,2
1688,2,10,10,2,4,2
1689,2,10,9,2,4,2
1690,2,9,18,2,0,2
1691,2,9,18,2,0,2
1692,1,10,18,2,4,2
1693,1,10,10,2,0,2
1694,2,10,9,2,4,2
1695,1,10,18,2,0,2
1696,1,10,10,2,0,2
1697,2,2,10,2,2,2
1698,2,5,9,2,0,2
1699,2,10,4,2,0,2
1700,1,10,1,2,4,2
1701,2,5,4,2,2,2
1702,1,10,18,2,4,2
1703,1,10,10,2,0,2
1704,1,10,10,2,1,2
1705,3,7,10,2,2,2
1706,2,10,10,2,4,2
1707,2,5,4,1,0,2
1708,1,10,10,2,2,2
1709,3,7,9,2,0,2
1710,3,7,4,2,0,2
1711,1,10,10,1,4,2
1712,2,6,9,2,4,2
1713,2,10,10,2,2,2
1714,2,5,9,1,4,2
1715,2,8,18,2,4,2
1716,1,10,1,2,0,2
1717,2,5,9,2,0,2
1718,3,7,9,2,4,2
1719,3,10,9,1,0,2
1720,2,8,18,2,4,2
1721,1,10,10,1,4,2
1722,2,10,10,2,4,2
1723,2,10,10,2,0,2
1724,2,5,4,2,0,2
1725,1,10,10,1,4,2
1726,1,10,10,2,4,2
1727,2,5,9,1,0,2
1728,1,10,10,2,0,2
1729,3,7,14,1,0,2
1730,2,10,18,1,4,2
1731,2,4,9,2,0,2
1732,2,5,9,2,0,2
1733,1,10,10,1,0,2
1734,3,7,16,2,0,2
1735,1,10,10,1,0,2
1736,1,10,10,1,0,2
1737,1,10,18,1,0,2
1738,1,10,10,2,0,2
1739,1,10,10,2,2,2
