0,1,9,1,1,1,2,2,2,1
1,2,9,2,1,1,2,2,2,2
2,2,9,2,1,1,2,2,2,2
3,2,7,2,1,1,2,2,2,2
4,2,9,2,1,1,2,2,2,2
5,2,9,2,1,1,2,2,2,2
6,1,7,2,1,1,2,2,2,2
7,1,5,1,1,3,1,2,2,1
8,2,2,2,7,2,2,2,2,2
9,2,7,2,1,1,2,2,2,2
10,2,7,2,1,1,2,2,2,2
11,1,9,2,1,1,2,2,2,2
12,1,7,2,1,1,2,2,2,2
13,1,3,2,1,1,2,2,2,1
14,1,3,1,1,1,2,2,1,1
15,1,3,2,1,1,2,2,2,2
16,2,3,2,1,1,2,2,2,2
17,1,10,2,1,1,2,2,2,2
18,2,9,2,1,1,2,2,2,2
19,2,2,1,1,1,1,1,5,1
20,2,9,2,1,1,2,2,2,2
21,1,8,1,1,3,1,1,3,1
22,2,7,2,1,1,2,2,2,2
23,1,4,1,6,2,2,2,2,1
24,2,7,2,1,1,2,2,2,2
25,2,9,2,1,1,2,2,2,2
26,2,9,2,1,1,2,2,2,2
27,2,9,2,1,1,2,2,2,2
28,2,9,2,1,1,2,2,2,2
29,1,7,2,1,1,2,2,2,2
30,1,7,2,1,1,2,2,2,2
31,1,2,1,2,2,2,2,2,1
32,2,9,2,1,1,2,2,2,2
33,2,7,2,1,1,2,2,2,2
34,2,5,2,1,1,2,2,2,2
35,2,9,2,1,1,2,2,2,2
36,2,9,2,1,1,2,2,2,2
37,2,9,2,1,1,2,2,2,2
38,2,9,2,1,1,2,2,2,2
39,2,5,1,1,2,2,2,2,1
40,2,9,2,1,1,2,2,2,2
41,2,5,1,1,2,1,1,2,1
42,2,7,2,1,1,2,2,2,2
43,2,5,1,1,3,2,2,2,1
44,1,10,1,1,3,1,2,2,1
45,2,1,2,1,1,2,2,2,1
46,2,7,2,1,1,1,1,4,1
47,2,7,1,1,1,1,1,2,1
48,2,9,2,1,1,2,2,2,2
49,2,9,2,1,1,2,2,2,2
50,2,2,1,2,2,2,2,1,1
51,1,5,1,1,3,1,2,2,1
52,1,5,1,1,3,2,2,2,1
53,1,9,2,1,1,2,2,2,2
54,1,5,1,1,3,1,1,2,1
55,2,1,2,2,2,1,1,3,1
56,2,1,1,2,2,1,1,3,1
57,1,7,2,1,1,2,2,2,1
58,1,7,2,1,1,2,2,2,1
59,1,5,1,1,3,2,2,2,1
60,1,5,1,1,1,1,1,2,1
61,1,5,1,1,3,2,2,2,1
62,1,5,1,1,3,2,2,2,1
63,1,9,1,1,1,2,2,2,1
64,1,5,1,1,3,2,2,2,1
65,1,5,1,1,3,2,2,2,1
66,1,5,1,1,3,2,2,2,1
67,2,7,2,1,1,2,2,2,1
68,2,7,2,1,1,2,2,2,1
69,2,1,3,1,1,2,2,2,1
70,1,5,1,1,3,2,2,2,1
71,1,2,1,2,2,2,2,2,1
72,2,5,1,1,3,2,2,2,1
73,2,2,1,3,2,2,2,2,1
74,2,2,2,2,2,1,1,4,2
75,1,2,1,2,2,2,2,2,1
76,2,5,1,1,3,1,1,1,1
77,2,2,1,2,2,2,2,2,1
78,2,2,1,3,2,2,2,2,1
79,1,2,1,2,2,2,2,2,1
80,2,7,2,1,1,1,1,2,1
81,2,9,2,1,1,2,2,2,2
82,1,5,1,1,3,1,2,2,1
83,1,7,2,1,1,2,2,2,1
84,2,5,2,1,2,1,2,2,2
85,2,2,1,2,2,2,2,2,1
86,2,2,1,1,2,1,2,1,1
87,2,2,1,3,2,2,2,2,1
88,2,3,1,1,1,1,1,1,1
89,2,2,1,3,2,2,2,2,1
90,2,2,2,1,2,1,1,2,2
91,2,1,2,7,2,1,1,2,2
92,2,4,1,10,2,2,2,2,1
93,2,5,1,6,2,1,1,2,1
94,1,5,2,1,1,2,2,4,2
95,2,5,1,1,1,2,2,2,1
96,1,5,1,1,3,1,1,1,1
97,2,4,1,6,2,2,2,2,1
98,1,7,2,1,1,2,2,2,1
99,2,5,1,1,2,1,1,2,1
100,1,5,2,1,3,1,1,2,1
101,1,5,1,1,3,1,1,2,1
102,2,3,1,1,1,1,1,3,1
103,1,9,2,1,1,2,2,2,2
104,1,2,1,9,2,2,2,2,1
105,2,3,2,1,1,2,2,2,2
106,1,3,2,1,1,2,2,2,2
107,1,7,2,1,1,2,2,2,2
108,1,7,2,1,1,2,2,2,2
109,1,4,1,6,2,2,2,1,1
110,2,4,1,6,2,2,2,2,1
111,1,4,1,6,2,1,1,1,1
112,2,7,2,1,1,2,2,2,2
113,1,2,2,2,2,2,2,2,2
114,1,3,2,1,1,2,2,2,1
115,1,3,1,1,1,2,2,1,1
116,2,9,2,1,1,2,2,2,2
117,1,7,2,1,1,2,2,2,2
118,2,2,2,2,2,2,2,2,2
119,2,9,2,1,1,2,2,2,2
120,2,3,2,1,1,2,2,2,2
121,1,7,1,1,1,1,2,1,1
122,1,2,2,2,2,2,2,2,1
123,1,2,1,2,2,2,2,1,1
124,2,2,2,2,2,2,2,2,2
125,2,2,2,2,2,2,2,2,2
126,2,4,2,4,2,2,2,2,2
127,2,7,2,1,1,2,2,2,2
128,1,7,2,1,1,2,2,2,2
129,1,7,2,1,1,2,2,2,2
130,2,2,1,2,2,1,2,1,1
131,2,7,2,1,1,2,2,2,2
132,2,9,2,1,1,2,2,2,2
133,2,9,2,1,1,2,2,2,2
134,2,9,2,1,1,2,2,2,2
135,1,3,2,10,2,2,2,2,2
136,2,3,2,2,2,2,2,2,2
137,2,2,2,2,2,2,2,2,1
138,2,2,1,2,2,2,2,1,1
139,2,3,2,1,1,2,2,2,2
140,2,10,2,1,1,2,2,2,2
141,2,9,2,1,1,2,2,2,2
142,2,7,2,1,1,2,2,2,2
143,2,5,2,1,1,2,2,2,2
144,2,2,2,7,2,1,1,1,1
145,2,2,1,7,2,1,1,1,1
146,2,9,2,1,1,2,2,2,2
147,2,9,2,1,1,2,2,2,2
148,2,2,2,2,2,1,2,3,2
149,2,2,1,1,1,2,2,2,1
150,2,9,2,1,1,2,2,2,1
151,2,9,2,1,1,2,2,2,2
152,2,7,2,1,1,2,2,2,2
153,2,7,2,1,1,2,2,2,2
154,2,9,2,1,1,2,2,2,2
155,2,9,2,1,1,2,2,2,2
156,2,9,2,1,1,2,2,2,1
157,2,9,1,1,1,2,2,1,1
158,2,9,2,1,1,2,2,2,2
159,2,7,2,1,1,2,2,2,2
160,2,7,2,1,1,2,2,2,1
161,2,7,1,1,1,2,2,1,1
162,2,9,2,1,1,2,2,2,2
163,2,3,2,1,1,2,2,2,2
164,1,1,2,1,1,2,2,2,1
165,1,7,1,1,1,2,2,1,1
166,2,2,2,2,2,2,2,2,2
167,2,2,2,2,2,2,2,2,2
168,2,7,2,1,1,2,2,2,2
169,2,2,1,2,2,1,1,1,1
170,2,9,2,1,1,2,2,2,1
171,2,9,2,1,1,2,2,2,1
172,2,9,1,1,1,1,2,1,1
173,2,9,2,1,1,2,2,2,2
174,2,7,2,1,1,2,2,2,1
175,2,7,1,1,1,2,2,1,1
176,2,9,2,1,1,2,2,2,2
177,2,3,2,1,1,2,2,2,2
178,2,3,2,2,2,2,2,2,2
179,2,2,2,2,2,2,2,2,2
180,2,9,2,1,1,2,2,2,2
181,1,7,2,1,1,2,2,2,2
182,1,3,2,1,1,2,2,2,2
183,2,9,2,1,1,2,2,2,2
184,2,9,2,1,1,2,2,2,2
185,2,9,2,1,1,2,2,2,2
186,1,9,2,1,1,2,2,2,2
187,2,2,2,2,2,2,2,2,2
188,2,2,2,2,2,2,2,2,2
189,2,3,2,1,1,2,2,2,2
190,2,7,2,1,1,2,2,2,2
191,2,5,2,1,1,2,2,2,2
192,2,2,2,7,2,2,2,2,2
193,1,1,2,1,1,2,2,2,2
194,1,9,2,1,1,2,2,2,2
195,1,7,2,1,1,2,2,2,2
196,2,3,2,1,1,2,2,2,2
197,1,7,2,1,1,2,2,2,2
198,1,7,2,1,1,2,2,2,2
199,2,9,2,1,1,2,2,2,2
200,2,9,2,1,1,2,2,2,2
201,2,3,2,1,1,2,2,2,2
202,2,9,2,1,1,2,2,2,2
203,2,10,2,1,1,2,2,2,2
204,2,2,2,2,2,2,2,2,2
205,2,9,2,1,1,2,2,2,2
206,2,3,2,1,1,2,2,2,2
207,2,7,3,1,1,2,2,4,2
208,2,7,2,1,1,2,2,2,2
209,2,2,2,2,2,1,1,2,2
210,2,9,2,1,1,2,2,2,2
211,2,3,2,1,1,2,2,2,1
212,2,3,1,1,1,2,2,1,1
213,2,9,2,1,1,2,2,2,2
214,2,9,2,1,1,2,2,2,2
215,2,9,2,1,1,2,2,2,2
216,2,2,1,2,2,2,2,1,1
217,2,9,2,1,1,2,2,2,1
218,1,9,2,1,1,2,2,2,2
219,2,7,2,1,1,2,2,2,2
220,2,5,2,1,1,2,2,2,2
221,2,7,2,1,1,2,2,2,2
222,1,9,2,1,1,2,2,2,2
223,2,7,1,6,2,2,2,1,1
224,2,9,2,1,1,2,2,2,2
225,2,7,2,1,1,2,2,2,2
226,2,7,2,1,1,2,2,2,2
227,2,7,2,1,1,2,2,2,2
228,2,7,2,1,1,2,2,2,2
229,2,9,2,1,1,2,2,2,2
230,2,9,2,1,1,2,2,2,2
231,2,7,2,1,1,2,2,2,1
232,2,5,2,1,3,1,1,2,2
233,2,9,2,1,1,2,2,2,2
234,2,9,2,1,1,2,2,2,2
235,2,9,2,1,1,2,2,2,2
236,2,7,2,1,1,2,2,2,2
237,2,2,2,7,2,2,2,2,1
238,2,3,2,1,1,2,2,2,1
239,2,3,1,1,1,2,2,1,1
240,2,2,2,2,2,2,2,2,1
241,2,2,1,2,2,1,2,1,1
242,1,7,2,1,1,2,2,2,2
243,1,9,2,1,1,2,2,2,2
244,2,9,2,1,1,2,2,2,2
245,1,2,1,2,2,2,2,3,1
246,1,9,2,1,1,2,2,2,2
247,1,2,2,7,2,2,2,2,1
248,1,2,1,7,2,1,2,1,1
249,2,9,2,1,1,2,2,2,2
250,2,9,2,1,1,2,2,2,2
251,2,7,2,1,1,2,2,2,2
252,2,7,2,1,1,2,2,2,2
253,2,9,2,1,1,2,2,2,2
254,2,7,2,1,1,2,2,2,2
255,2,9,2,1,1,2,2,2,2
256,2,3,2,1,1,2,2,2,2
257,2,9,2,1,1,2,2,2,2
258,2,1,2,1,1,2,2,2,2
259,2,7,2,1,1,2,2,2,2
260,1,3,2,1,1,2,2,2,2
261,2,7,2,1,1,2,2,2,2
262,2,7,2,1,1,2,2,2,2
263,2,9,2,1,1,2,2,2,2
264,2,9,2,1,1,2,2,2,2
265,2,9,2,1,1,2,2,2,2
266,2,9,2,1,1,2,2,2,2
267,2,9,2,1,1,2,2,2,1
268,2,9,1,1,1,1,2,1,1
269,1,7,2,1,1,2,2,2,2
270,1,2,2,2,2,2,2,2,2
271,2,3,2,1,1,2,2,2,2
272,2,9,2,1,1,2,2,2,2
273,2,9,2,1,1,2,2,2,2
274,2,5,2,1,1,2,2,2,2
275,2,9,2,1,1,2,2,2,2
276,2,1,2,1,1,2,2,2,2
277,2,6,2,1,1,2,2,2,2
278,2,9,2,1,1,2,2,2,2
279,2,7,2,1,1,2,2,2,2
280,2,9,2,1,1,2,2,2,2
281,2,4,1,6,2,1,2,1,1
282,2,9,2,1,1,2,2,2,2
283,2,7,2,1,1,2,2,2,2
284,2,9,2,1,1,2,2,2,2
285,2,9,2,1,1,2,2,2,2
286,2,9,2,1,1,2,2,2,2
287,2,9,2,1,1,2,2,2,2
288,2,7,2,1,1,2,2,2,2
289,2,7,2,1,1,2,2,2,2
290,2,7,2,1,1,2,2,2,1
291,2,7,1,1,1,2,2,1,1
292,1,9,2,1,1,2,2,2,2
293,1,7,2,1,1,2,2,2,2
294,2,9,2,1,1,2,2,2,2
295,2,9,2,1,1,2,2,2,2
296,2,7,2,1,1,2,2,2,2
297,2,9,2,1,1,2,2,2,2
298,2,7,2,1,1,2,2,2,2
299,2,9,2,1,1,2,2,2,2
300,2,9,2,1,1,2,2,2,2
301,2,2,1,2,2,1,1,1,1
302,2,9,2,1,1,2,2,2,2
303,2,9,2,1,1,2,2,2,2
304,2,9,2,1,1,2,2,2,2
305,2,9,2,1,1,2,2,2,2
306,1,9,2,1,1,2,2,2,2
307,1,7,2,1,1,2,2,2,2
308,2,9,2,1,1,2,2,2,2
309,2,2,2,2,2,2,2,2,2
310,2,2,2,2,2,2,2,2,2
311,2,9,2,1,1,2,2,2,2
312,2,2,2,2,2,2,2,2,2
313,2,9,2,1,1,2,2,2,2
314,2,7,2,1,1,2,2,2,2
315,2,3,2,1,1,2,2,2,2
316,2,5,2,1,1,2,2,2,2
317,2,7,2,1,1,2,2,2,2
318,2,2,1,2,2,2,2,1,1
319,2,9,2,1,1,2,2,2,2
320,2,7,2,1,1,2,2,2,1
321,2,9,2,1,1,2,2,2,2
322,2,9,2,1,1,2,2,2,2
323,1,3,2,1,1,2,2,2,2
324,1,7,2,1,1,2,2,2,2
325,2,5,2,1,1,2,2,2,2
326,2,9,2,1,1,2,2,2,2
327,2,7,2,1,1,2,2,2,2
328,2,9,2,1,1,2,2,2,2
329,2,9,2,1,1,2,2,2,2
330,2,2,1,2,2,2,2,1,1
331,2,9,2,1,1,2,2,2,1
332,2,2,1,2,2,2,2,1,1
333,2,9,2,1,1,2,2,2,2
334,2,9,2,1,1,2,2,2,2
335,2,9,2,1,1,2,2,2,2
336,2,9,2,1,1,2,2,2,2
337,2,3,2,1,1,2,2,2,2
338,2,9,2,1,1,2,2,2,2
339,2,9,2,1,1,2,2,2,2
340,2,7,2,1,1,2,2,2,2
341,2,9,2,1,1,2,2,2,2
342,2,7,2,1,1,2,2,2,2
343,2,7,2,1,1,2,2,2,2
344,2,5,2,1,1,2,2,2,2
345,2,9,2,1,1,2,2,2,2
346,1,7,2,1,1,2,2,2,2
347,2,9,2,1,1,2,2,2,2
348,1,9,2,1,1,2,2,2,2
349,1,7,2,1,1,2,2,2,2
350,2,7,2,1,1,2,2,2,2
351,2,9,2,1,1,2,2,2,2
352,2,9,2,1,1,2,2,2,2
353,1,2,2,2,2,2,2,2,2
354,1,3,2,1,1,2,2,2,2
355,1,7,2,1,1,2,2,2,2
356,1,2,2,2,2,2,2,2,2
357,2,9,2,1,1,2,2,2,2
358,2,9,2,1,1,2,2,2,2
359,2,9,2,1,1,2,2,2,2
360,2,7,2,1,1,2,2,2,2
361,2,9,2,1,1,2,2,2,1
362,2,9,1,1,1,2,2,1,1
363,2,7,2,1,1,2,2,2,2
364,1,1,2,1,1,2,2,2,1
365,1,7,1,1,1,2,2,1,1
366,1,3,2,1,1,2,2,2,2
367,2,2,1,2,2,1,1,1,1
368,2,9,2,1,1,2,2,2,2
369,2,9,2,1,1,2,2,2,2
370,2,9,2,1,1,2,2,2,2
371,2,3,2,1,1,2,2,2,2
372,2,3,2,1,1,2,2,2,2
373,2,7,2,1,1,2,2,2,2
374,2,7,3,1,1,2,2,4,2
375,2,2,1,2,2,2,2,1,1
376,2,9,2,1,1,2,2,2,2
377,2,9,2,1,1,2,2,2,2
378,2,9,2,1,1,2,2,2,2
379,2,9,2,1,1,2,2,2,2
380,2,9,2,1,1,2,2,2,2
381,2,9,2,1,1,2,2,2,2
382,2,9,2,1,1,2,2,2,2
383,2,9,2,1,1,2,2,2,2
384,2,9,2,1,1,2,2,2,2
385,2,9,2,1,1,2,2,2,2
386,2,9,2,1,1,2,2,2,2
387,2,9,2,1,1,2,2,2,2
388,2,7,2,1,1,2,2,2,2
389,2,9,2,1,1,2,2,2,2
390,2,9,2,1,1,2,2,2,2
391,2,3,2,1,1,2,2,2,2
392,2,5,2,1,1,2,2,2,2
393,2,9,2,1,1,2,2,2,2
394,2,9,2,1,1,2,2,2,2
395,2,9,2,1,1,2,2,2,2
396,2,9,2,1,1,2,2,2,2
397,2,9,2,1,1,2,2,2,2
398,2,7,2,1,1,2,2,2,2
399,2,9,2,1,1,2,2,2,2
400,2,2,2,2,2,2,2,2,2
401,2,7,2,1,1,2,2,2,2
402,2,9,2,1,1,2,2,2,2
403,2,7,2,1,1,2,2,2,2
404,2,7,2,1,1,2,2,2,1
405,2,7,1,1,1,2,2,1,1
406,2,5,1,6,2,2,2,1,1
407,2,7,2,1,1,2,2,2,2
408,2,3,2,1,1,2,2,2,2
409,2,4,2,4,2,2,2,2,2
410,2,7,2,1,1,2,2,2,2
411,2,9,2,1,1,2,2,2,2
412,2,4,1,6,2,2,2,1,1
413,2,9,2,1,1,2,2,2,2
414,2,9,2,1,1,2,2,2,2
415,2,9,2,1,1,2,2,2,2
416,2,9,2,1,1,2,2,2,2
417,2,2,2,2,2,2,2,2,2
418,2,9,2,1,1,2,2,2,2
419,2,7,2,1,1,2,2,2,2
420,2,10,2,1,1,2,2,2,2
421,2,9,2,1,1,2,2,2,2
422,2,9,2,1,1,2,2,2,2
423,2,2,2,2,2,2,2,2,1
424,2,2,1,2,2,2,2,1,1
425,2,9,2,1,1,2,2,2,1
426,2,7,2,1,1,2,2,2,1
427,2,7,1,1,1,2,2,1,1
428,2,9,2,1,1,2,2,2,2
429,2,9,2,1,1,2,2,2,2
430,2,7,2,1,1,2,2,2,2
431,2,2,2,2,2,2,2,2,2
432,2,7,1,6,2,2,2,1,1
433,2,7,2,1,1,2,2,2,2
434,2,9,2,1,1,2,2,2,2
435,2,9,2,1,1,2,2,2,2
436,2,9,2,1,1,2,2,2,2
437,2,7,2,1,1,2,2,2,2
438,2,2,2,7,2,2,2,2,2
439,2,9,2,1,1,2,2,2,2
440,2,9,2,1,1,2,2,2,2
441,2,9,2,1,1,2,2,2,1
442,2,10,1,1,1,1,2,1,1
443,2,7,2,1,1,2,2,2,2
444,1,2,2,2,2,2,2,2,1
445,1,2,1,2,2,2,2,1,1
446,2,9,2,1,1,2,2,2,2
447,2,7,2,1,1,2,2,2,2
448,2,9,2,1,1,2,2,2,2
449,2,4,1,6,2,1,1,1,1
450,2,2,1,2,2,1,1,1,1
451,2,9,2,1,1,2,2,2,2
452,2,7,1,1,1,1,1,1,1
453,2,9,2,1,1,2,2,2,2
454,2,9,2,1,1,2,2,2,2
455,1,3,2,1,1,2,2,2,2
456,1,4,2,6,2,2,2,2,2
457,2,9,2,1,1,2,2,2,1
458,2,9,1,1,1,2,2,1,1
459,2,9,2,1,1,2,2,2,2
460,2,7,2,1,1,2,2,2,2
461,2,7,2,1,1,2,2,2,2
462,1,9,2,1,1,2,2,2,2
463,2,3,2,1,1,2,2,2,1
464,2,3,1,1,1,1,2,1,1
465,2,9,2,1,1,2,2,2,2
466,2,9,2,1,1,2,2,2,2
467,2,9,2,1,1,2,2,2,2
468,2,7,2,1,1,2,2,2,2
469,2,7,2,1,1,2,2,2,2
470,2,7,2,1,1,2,2,2,2
471,2,2,1,2,2,2,2,1,1
472,2,3,2,1,1,2,2,2,2
473,2,9,2,1,1,2,2,2,2
474,2,9,1,1,1,2,2,3,1
475,2,7,2,1,1,2,2,2,2
476,2,9,2,1,1,2,2,2,1
477,2,7,1,1,1,2,2,1,1
478,2,9,2,1,1,2,2,2,2
479,2,2,2,2,2,2,2,2,2
480,2,7,2,1,1,2,2,2,2
481,2,7,2,1,1,2,2,2,2
482,2,7,1,1,1,2,2,2,1
483,2,9,2,1,1,2,2,2,1
484,2,9,2,1,1,2,2,2,2
485,2,4,1,11,2,2,2,1,1
486,2,7,2,1,1,2,2,2,2
487,2,9,2,1,1,2,2,2,2
488,2,9,2,1,1,2,2,2,2
489,2,9,2,1,1,2,2,2,2
490,2,9,2,1,1,2,2,2,2
491,2,9,2,1,1,2,2,2,2
492,1,1,2,1,1,2,2,2,2
493,1,2,2,2,2,2,2,2,2
494,1,7,2,1,1,2,2,2,2
495,2,2,2,2,2,2,2,2,2
496,2,9,2,1,1,2,2,2,2
497,2,7,2,1,1,2,2,2,2
498,2,5,2,1,3,2,2,2,2
499,2,9,2,1,1,2,2,2,2
500,2,7,2,1,1,1,1,2,2
501,2,10,2,1,1,2,2,2,1
502,2,10,1,1,1,2,2,1,1
503,1,9,2,1,1,2,2,2,2
504,1,3,2,1,1,2,2,2,2
505,1,4,1,1,2,1,1,1,1
506,2,9,2,1,1,2,2,2,2
507,1,3,2,1,1,2,2,2,2
508,1,7,2,1,1,2,2,2,2
509,2,9,2,1,1,2,2,2,2
510,2,9,2,1,1,2,2,2,2
511,2,9,2,1,1,2,2,2,2
512,2,9,2,1,1,2,2,2,2
513,2,9,2,1,1,2,2,2,2
514,2,9,2,1,1,2,2,2,2
515,2,7,2,1,1,2,2,2,2
516,2,9,2,1,1,2,2,2,2
517,2,9,2,1,1,2,2,2,2
518,2,9,2,1,1,2,2,2,2
519,2,9,2,1,1,2,2,2,2
520,2,7,2,1,1,2,2,2,2
521,2,9,2,1,1,2,2,2,2
522,2,9,2,1,1,2,2,2,1
523,2,7,1,1,1,2,2,1,1
524,2,9,2,1,1,2,2,2,2
525,2,7,2,1,1,2,2,2,2
526,2,5,2,1,3,1,1,2,2
527,2,3,2,1,1,2,2,2,2
528,2,7,2,1,1,2,2,2,2
529,2,9,2,1,1,2,2,2,2
530,2,7,2,1,1,2,2,2,2
531,2,7,2,1,1,2,2,2,2
532,2,9,2,1,1,2,2,2,2
533,2,5,2,1,1,2,2,2,2
534,2,9,2,1,1,2,2,2,2
535,2,7,2,1,1,2,2,2,2
536,2,2,2,2,2,2,2,2,2
537,2,9,2,1,1,2,2,2,2
538,2,9,2,1,1,2,2,2,2
539,2,3,2,1,1,2,2,2,2
540,2,3,1,1,1,2,2,1,1
541,2,7,2,1,1,2,2,2,1
542,1,2,1,2,2,2,2,1,1
543,2,5,2,1,1,2,2,2,2
544,2,9,2,1,1,2,2,2,2
545,1,7,1,1,1,2,2,1,1
546,2,2,2,2,2,2,2,2,1
547,2,2,1,2,2,2,2,1,1
548,2,9,2,1,1,2,2,2,2
549,2,7,2,1,1,2,2,2,2
550,2,7,2,1,1,2,2,2,2
551,2,9,2,1,1,2,2,2,2
552,2,9,2,1,1,2,2,2,2
553,1,9,2,1,1,2,2,2,2
554,2,9,2,1,1,2,2,2,2
555,2,7,2,1,1,2,2,2,2
556,2,9,2,1,1,2,2,2,2
557,2,2,2,2,2,2,2,2,1
558,2,2,1,2,2,2,2,1,1
559,1,5,2,1,1,2,2,2,1
560,1,4,1,6,2,1,2,1,1
561,1,7,2,1,1,2,2,2,2
562,2,7,2,1,1,2,2,2,2
563,2,9,2,1,1,2,2,2,2
564,2,9,2,1,1,2,2,2,2
565,2,2,1,2,2,2,2,1,1
566,2,7,2,1,1,2,2,2,1
567,2,7,2,1,1,2,2,2,2
568,2,9,2,1,1,2,2,2,2
569,2,9,2,1,1,2,2,2,2
570,2,9,2,1,1,2,2,2,2
571,2,9,2,1,1,2,2,2,2
572,2,9,2,1,1,2,2,2,2
573,2,9,2,1,1,2,2,2,2
574,1,9,2,1,1,2,2,2,2
575,2,5,1,1,3,1,1,1,1
576,1,7,2,1,1,2,2,2,2
577,2,9,2,1,1,2,2,2,2
578,2,9,2,1,1,2,2,2,1
579,2,7,1,1,1,2,2,1,1
580,2,2,1,3,2,2,2,2,1
581,1,7,1,1,1,2,2,2,1
582,2,5,1,1,3,1,1,2,1
583,2,2,1,3,2,2,2,2,1
584,1,9,2,1,1,2,2,2,2
585,2,7,2,1,1,2,2,2,2
586,1,3,2,1,1,2,2,2,2
587,2,7,2,1,1,2,2,2,2
588,2,5,1,1,3,2,2,2,1
589,1,5,1,1,3,1,1,1,1
590,2,2,1,3,2,2,2,2,1
591,2,11,2,1,1,2,2,2,2
592,1,5,1,1,3,2,2,2,1
593,2,1,1,13,2,2,2,2,1
594,2,5,1,1,3,2,2,2,1
595,2,2,1,3,2,2,2,2,1
596,2,5,1,1,3,1,1,2,1
597,1,4,1,4,2,2,2,2,1
598,1,7,1,1,3,1,1,2,1
599,2,9,2,1,1,2,2,2,2
600,2,9,1,1,1,2,2,1,1
601,2,9,2,1,1,2,2,2,2
602,2,9,2,1,1,2,2,2,2
603,2,9,2,1,1,2,2,2,2
604,2,9,2,1,1,2,2,2,1
605,2,4,1,6,2,2,2,1,1
606,2,7,2,1,1,2,2,2,2
607,2,7,2,1,1,2,2,2,2
608,1,9,2,1,1,2,2,2,2
609,1,5,1,1,3,1,1,3,1
610,2,4,1,6,2,2,2,1,1
611,1,2,1,2,2,1,2,1,1
612,2,9,2,1,1,2,2,2,2
613,2,9,2,1,1,2,2,2,2
614,2,7,2,1,1,2,2,2,2
615,2,7,2,1,1,2,2,2,2
616,2,9,2,1,1,2,2,2,2
617,2,9,2,1,1,2,2,2,2
618,2,9,2,1,1,2,2,2,2
619,2,7,2,1,1,2,2,2,2
620,2,9,2,1,1,2,2,2,2
621,2,2,1,2,2,2,2,1,1
622,2,4,1,6,2,2,2,1,1
623,2,9,2,1,1,2,2,2,2
624,2,9,2,1,1,2,2,2,2
625,2,6,1,1,1,2,2,2,1
626,2,2,1,3,2,2,2,2,1
627,1,5,1,1,3,1,1,2,1
628,2,2,1,7,2,1,1,2,1
629,2,9,1,1,1,2,2,2,1
630,1,4,1,10,2,2,2,2,1
631,1,3,2,8,2,1,1,3,2
632,1,2,1,2,2,2,2,2,1
633,2,9,2,1,1,2,2,2,2
634,1,9,2,1,1,2,2,2,2
635,2,2,1,2,2,2,2,1,1
636,1,3,1,1,1,2,2,2,1
637,1,9,2,1,1,2,2,2,2
638,1,4,1,14,2,2,2,1,1
639,2,9,2,1,1,2,2,2,2
640,2,4,1,10,2,2,2,2,1
641,2,3,2,1,1,2,2,2,2
642,1,4,1,1,2,2,2,1,1
643,1,1,1,1,3,2,2,2,1
644,1,5,1,1,3,2,2,2,1
645,2,9,2,1,1,2,2,2,2
646,2,9,2,1,1,2,2,2,2
647,2,9,2,1,1,2,2,2,2
648,1,9,2,1,1,2,2,2,1
649,1,9,1,1,1,2,2,1,1
650,1,9,2,1,1,2,2,2,2
651,1,9,2,1,1,2,2,3,1
652,1,9,2,1,1,2,2,2,2
653,1,9,2,1,1,2,2,2,2
654,2,9,2,1,1,2,2,2,2
655,1,9,2,1,1,2,2,2,2
656,1,9,2,1,1,2,2,2,2
657,2,5,1,1,3,1,1,1,1
658,1,5,1,1,3,2,2,2,1
659,1,7,2,1,1,2,2,2,1
660,1,5,1,1,3,2,2,2,1
661,1,5,1,1,3,2,2,2,1
662,1,7,2,1,1,2,2,2,1
663,1,2,1,1,3,1,2,2,1
664,1,5,1,1,2,1,1,2,1
665,1,5,1,1,3,2,2,2,1
666,2,2,2,1,1,2,2,2,2
667,1,5,1,1,1,1,1,1,1
668,2,11,2,1,1,2,2,2,2
669,2,7,2,1,1,2,2,2,2
670,1,6,2,1,1,2,2,1,1
671,1,4,1,1,2,1,2,2,1
672,1,7,2,1,1,2,2,2,2
673,1,4,1,6,2,2,2,2,1
674,2,5,1,1,3,1,2,2,1
675,2,5,1,1,3,1,2,2,1
676,2,7,2,1,1,2,2,2,2
677,1,3,1,1,3,2,2,2,1
678,1,5,1,1,3,2,2,2,1
679,1,2,2,1,1,2,2,2,1
680,1,5,1,1,3,2,2,2,1
681,1,2,1,1,1,2,2,2,1
682,1,4,1,10,2,2,2,2,1
683,1,2,2,1,1,2,2,2,1
684,1,5,1,1,3,2,2,2,1
685,1,2,2,1,1,2,2,2,1
686,1,2,2,1,1,2,2,2,1
687,1,2,2,1,1,2,2,2,1
688,1,2,1,1,1,2,2,2,1
689,1,3,1,1,1,2,2,2,1
690,1,11,2,1,1,2,2,2,1
691,2,5,1,1,3,2,2,2,1
692,1,2,2,1,1,2,2,2,1
693,2,5,1,1,3,2,2,2,1
694,1,4,1,8,2,2,2,2,1
695,1,2,1,1,1,1,2,3,1
696,1,2,1,1,1,2,2,2,1
697,1,2,1,1,1,1,1,2,1
698,2,7,1,1,3,1,2,2,1
699,2,5,1,1,3,1,1,2,1
700,2,2,1,2,2,2,2,2,1
701,2,7,2,1,1,2,2,2,2
702,2,2,1,9,2,2,2,2,1
703,2,5,1,1,2,2,2,2,1
704,1,7,2,1,1,2,2,2,1
705,2,2,1,3,2,2,2,2,1
706,2,4,1,6,2,2,2,2,1
707,2,2,1,9,2,2,2,2,1
708,1,4,1,6,2,2,2,2,1
709,2,11,2,1,1,2,2,2,2
710,1,2,1,1,1,2,2,2,1
711,2,3,1,1,1,2,2,2,1
712,1,7,1,1,1,2,2,2,1
713,1,5,1,1,3,2,2,2,1
714,1,2,1,1,1,2,2,2,1
715,1,2,1,1,1,2,2,2,1
716,2,2,1,1,1,2,2,2,1
717,2,2,1,1,3,2,2,2,1
718,1,4,1,6,2,2,2,2,1
719,1,2,1,9,2,2,2,2,1
720,1,2,1,9,2,2,2,2,1
721,1,2,1,1,1,2,2,2,1
722,1,2,1,1,1,2,2,2,1
723,2,2,1,1,1,2,2,2,1
724,2,2,1,1,1,2,2,2,1
725,1,6,1,1,3,2,2,2,1
726,1,6,1,1,3,2,2,2,1
727,1,2,1,8,1,2,2,2,1
728,1,2,1,1,1,2,2,3,1
729,1,2,1,1,1,2,2,3,1
730,2,2,2,1,1,2,2,3,2
731,1,5,1,1,2,2,2,1,1
732,1,3,1,1,1,2,2,3,1
733,1,2,1,1,1,2,2,1,1
734,1,9,1,1,1,2,2,2,1
735,1,8,1,1,3,2,2,2,1
736,2,5,1,1,3,2,2,2,1
737,2,9,2,1,1,2,2,5,1
738,2,2,2,2,2,1,1,2,1
739,2,5,1,1,3,2,2,2,1
740,2,4,1,12,2,2,2,2,1
741,2,2,1,2,2,1,1,2,1
742,2,5,1,1,3,1,2,2,1
743,2,4,1,5,2,2,2,2,1
744,2,5,1,1,3,2,2,2,1
745,2,7,2,1,1,2,2,2,2
746,2,7,3,1,1,2,2,5,2
747,2,2,1,1,2,1,1,2,1
748,1,4,1,5,2,2,2,2,1
749,1,5,1,1,3,2,2,2,1
750,1,1,1,1,1,1,1,2,1
751,2,2,1,2,2,2,2,3,1
752,2,2,1,1,1,2,2,2,1
753,2,2,1,1,1,2,2,3,1
754,2,2,1,2,2,2,2,3,1
755,2,2,1,1,2,1,2,2,1
756,2,2,1,1,3,2,2,2,1
757,1,2,2,1,1,1,1,2,1
758,2,4,1,5,2,2,2,2,1
759,1,7,1,1,1,1,1,3,1
760,2,4,1,5,2,2,2,2,1
761,1,5,1,1,3,1,2,2,1
762,1,2,1,2,2,1,1,2,1
763,2,5,1,1,3,2,2,2,1
764,2,2,1,1,1,1,1,2,1
765,2,4,1,6,2,2,2,2,1
766,2,3,1,1,1,1,1,3,1
767,2,8,1,1,3,1,2,2,1
768,2,7,1,1,3,1,2,2,1
769,2,4,1,5,2,2,2,1,1
770,2,1,1,3,2,2,2,2,1
771,2,2,1,5,2,2,2,2,1
772,2,1,1,5,2,2,2,2,1
773,2,4,1,5,2,2,2,2,1
774,2,7,2,1,1,2,2,2,1
775,2,6,1,1,1,2,2,2,1
776,2,1,2,1,3,2,2,2,1
777,2,7,2,1,1,2,2,2,2
778,2,2,2,1,1,2,2,2,1
779,2,2,1,1,1,2,2,1,1
780,2,5,1,1,3,1,1,3,1
781,1,5,1,1,3,2,2,2,1
782,1,2,1,2,2,2,2,2,1
783,2,2,1,2,2,1,2,2,1
784,2,7,2,1,1,2,2,2,2
785,2,7,1,1,3,1,2,2,1
786,2,9,1,1,1,1,2,2,1
787,2,2,1,8,2,2,2,2,1
788,2,2,1,2,2,2,2,3,1
789,2,7,2,1,1,2,2,2,2
790,2,4,1,6,2,2,2,2,1
791,2,2,2,2,2,2,2,2,2
792,2,5,1,1,3,2,2,2,1
793,2,7,2,1,1,2,2,2,2
794,2,3,2,10,2,2,2,2,2
795,2,9,2,1,1,2,2,2,2
796,2,7,2,1,1,2,2,2,2
797,2,9,2,1,1,2,2,2,2
798,2,9,2,1,1,2,2,2,2
799,2,9,2,1,1,2,2,2,2
800,2,9,2,1,1,2,2,2,2
801,2,9,2,1,1,2,2,2,2
802,2,7,2,1,1,2,2,2,2
803,2,9,2,1,1,2,2,2,2
804,2,9,2,1,1,2,2,2,2
805,2,9,2,1,1,2,2,2,2
806,2,9,2,1,1,2,2,2,2
807,2,5,2,1,3,2,2,2,2
808,2,9,2,1,1,2,2,2,2
809,2,9,2,1,1,2,2,2,2
810,2,9,2,1,1,2,2,2,2
811,2,9,2,1,1,2,2,2,2
812,2,9,2,1,1,2,2,2,2
813,2,7,2,1,1,2,2,2,2
814,2,7,1,1,1,2,2,1,1
815,1,7,2,1,1,2,2,2,2
816,2,7,2,1,1,2,2,2,2
817,2,9,2,1,1,2,2,2,2
818,2,3,2,1,1,2,2,2,1
819,2,3,1,1,1,2,2,1,1
820,2,9,2,1,1,2,2,2,2
821,2,7,2,1,1,2,2,2,2
822,2,9,2,1,1,2,2,2,2
823,2,2,2,2,2,2,2,2,2
824,2,7,2,1,1,2,2,2,2
825,2,9,2,1,1,2,2,2,2
826,2,7,1,6,2,2,2,1,1
827,2,9,2,1,1,2,2,2,2
828,2,9,2,1,1,2,2,2,2
829,2,7,2,1,1,2,2,2,2
830,2,3,1,1,1,2,2,1,1
831,2,2,1,2,2,2,2,1,1
832,2,9,2,1,1,2,2,2,2
833,2,9,2,1,1,2,2,2,2
834,2,9,2,1,1,2,2,2,2
835,1,7,2,1,1,2,2,2,2
836,1,9,2,1,1,2,2,2,2
837,2,9,2,1,1,2,2,2,2
838,2,9,2,1,1,2,2,2,2
839,2,9,2,1,1,2,2,2,2
840,2,9,2,1,1,2,2,2,2
841,2,7,2,1,1,2,2,2,2
842,2,7,2,1,1,1,1,1,1
843,2,7,1,1,1,1,1,1,1
844,2,9,2,1,1,2,2,2,2
845,2,9,2,1,1,2,2,2,2
846,2,3,2,1,1,2,2,2,2
847,1,5,2,1,1,2,2,2,2
848,2,7,2,1,1,2,2,2,2
849,2,7,2,1,1,2,2,2,2
850,2,9,2,1,1,2,2,2,2
851,2,9,2,1,1,2,2,2,2
852,2,9,2,1,1,2,2,2,2
853,2,1,2,1,1,2,2,2,2
854,2,2,2,2,2,2,2,2,2
855,2,5,2,1,1,2,2,2,2
856,2,5,2,1,1,2,2,2,1
857,2,7,1,7,2,2,2,1,1
858,2,9,2,1,1,2,2,2,2
859,2,9,2,1,1,2,2,2,2
860,2,9,2,1,1,2,2,2,2
861,2,9,2,1,1,2,2,2,2
862,2,9,2,1,1,2,2,2,1
863,2,9,2,1,1,2,2,2,2
864,2,7,2,1,1,2,2,2,2
865,2,9,2,1,1,2,2,2,2
866,2,9,2,1,1,2,2,2,2
867,2,9,2,1,1,2,2,2,2
868,2,9,2,1,1,2,2,2,2
869,2,9,2,1,1,2,2,2,2
870,2,7,2,1,1,2,2,2,1
871,2,7,1,1,1,2,2,1,1
872,2,9,2,1,1,2,2,2,2
873,2,9,2,1,1,2,2,2,2
874,2,9,2,1,1,2,2,2,1
875,2,7,1,1,1,2,2,1,1
876,2,9,2,1,1,2,2,2,2
877,2,3,2,1,1,2,2,2,2
878,2,7,2,1,1,2,2,2,2
879,2,2,2,2,2,2,2,2,2
880,2,7,3,1,1,2,2,4,2
881,2,7,2,1,1,2,2,2,2
882,1,9,2,1,1,2,2,2,2
883,1,9,2,1,1,2,2,2,2
884,1,9,2,1,1,2,2,2,2
885,2,7,2,1,1,2,2,2,2
886,2,5,2,1,1,2,2,2,2
887,2,7,2,1,1,2,2,2,1
888,2,7,1,1,1,2,2,1,1
889,2,7,2,1,1,2,2,2,2
890,1,1,2,2,2,2,2,2,2
891,1,5,3,1,3,2,2,2,1
892,2,5,1,1,3,2,2,1,1
893,2,5,1,1,3,1,2,2,1
894,2,2,1,1,3,1,2,2,1
895,2,9,2,1,1,2,2,2,2
896,2,9,2,1,1,2,2,2,2
897,2,9,2,1,1,2,2,2,2
898,2,9,2,1,1,2,2,2,2
899,2,9,2,1,1,2,2,2,2
900,2,9,2,1,1,2,2,2,2
901,2,7,2,1,1,2,2,2,2
902,2,7,2,1,1,2,2,2,2
903,2,9,2,1,1,2,2,2,2
904,2,7,2,1,1,2,2,2,2
905,2,9,2,1,1,2,2,2,2
906,2,7,2,1,1,2,2,2,2
907,2,9,2,1,1,2,2,2,2
908,2,9,2,1,1,2,2,2,2
909,2,7,2,1,1,2,2,2,2
910,2,7,2,1,1,2,2,2,2
911,2,9,2,1,1,2,2,2,2
912,2,9,2,1,1,2,2,2,2
913,2,7,2,1,1,2,2,2,2
914,2,7,2,1,1,2,2,2,2
915,2,9,2,1,1,2,2,2,2
916,2,9,2,1,1,2,2,2,2
917,2,9,2,1,1,2,2,2,2
918,2,7,2,1,1,2,2,2,2
919,2,9,2,1,1,2,2,2,2
920,2,7,2,1,1,2,2,2,1
921,2,9,2,1,1,2,2,2,2
922,2,3,2,1,1,2,2,2,2
923,2,9,2,1,1,2,2,2,2
924,2,9,2,1,1,2,2,2,2
925,2,7,2,1,1,2,2,2,2
926,1,7,2,1,1,2,2,2,2
927,1,9,2,1,1,2,2,2,2
928,2,7,2,1,1,2,2,2,2
929,2,9,2,1,1,2,2,2,2
930,2,9,2,1,1,2,2,2,2
931,2,9,2,1,1,2,2,2,2
932,2,9,2,1,1,2,2,2,2
933,2,9,2,1,1,2,2,2,2
934,2,9,2,1,1,2,2,2,1
935,2,7,1,1,1,2,2,1,1
936,2,9,2,1,1,1,1,3,2
937,1,3,2,1,1,2,2,2,2
938,2,7,2,1,1,2,2,2,2
939,2,9,2,1,1,2,2,2,2
940,2,7,2,1,1,2,2,2,2
941,2,2,2,2,2,2,2,2,2
942,1,2,1,2,2,2,2,1,1
943,1,9,2,1,1,2,2,2,1
944,1,3,2,10,2,2,2,2,2
945,2,9,2,1,1,2,2,2,2
946,2,9,2,1,1,2,2,2,2
947,2,9,2,1,1,2,2,2,1
948,2,3,2,1,1,2,2,2,1
949,2,3,1,1,1,2,2,1,1
950,1,9,2,1,1,2,2,2,1
951,1,9,1,1,1,2,2,1,1
952,2,7,2,1,1,2,2,2,2
953,2,7,2,1,1,2,2,2,2
954,2,7,2,1,1,2,2,2,1
955,2,7,2,1,1,2,2,2,2
956,2,9,2,1,1,2,2,2,2
957,2,7,2,1,1,2,2,2,2
958,2,9,2,1,1,2,2,3,1
959,2,9,2,1,1,2,2,2,2
960,2,9,2,1,1,2,2,2,2
961,2,9,2,1,1,2,2,2,2
962,2,7,2,1,1,2,2,2,2
963,2,9,2,1,1,2,2,2,2
964,2,3,1,1,1,2,2,1,1
965,2,7,2,1,1,2,2,2,1
966,2,9,2,1,1,2,2,2,2
967,2,7,2,1,1,2,2,2,2
968,2,7,2,1,1,2,2,2,2
969,1,9,2,1,1,2,2,2,2
970,2,7,2,1,1,2,2,2,1
971,2,7,1,1,1,2,2,1,1
972,2,9,2,1,1,2,2,2,2
973,2,3,2,1,1,2,2,2,2
974,2,9,2,1,1,2,2,2,2
975,2,9,2,1,1,2,2,2,2
976,2,9,2,1,1,2,2,2,2
977,2,9,2,1,1,2,2,2,2
978,2,9,2,1,1,2,2,2,2
979,2,9,2,1,1,2,2,2,2
980,2,4,1,6,2,2,2,1,1
981,2,7,3,1,1,2,2,4,2
982,2,4,1,6,2,1,2,1,1
983,2,5,1,1,3,2,2,1,1
984,1,5,1,1,3,1,1,2,1
985,2,3,1,1,1,2,2,2,1
986,1,5,1,1,2,1,1,2,1
987,2,7,1,1,3,1,2,2,1
988,1,2,1,1,1,2,2,2,1
989,1,5,1,1,3,2,2,2,1
990,2,9,1,1,1,2,2,1,1
991,2,5,1,1,3,1,1,1,1
992,2,2,1,2,2,2,2,1,1
993,2,9,2,1,1,2,2,2,1
994,2,5,1,1,3,2,2,2,1
995,2,1,1,3,2,2,2,2,1
996,1,6,1,1,3,2,2,2,1
997,1,7,1,1,1,2,2,2,1
998,1,2,1,1,1,2,2,2,1
999,2,7,1,1,1,1,1,2,1
1000,2,2,1,2,2,2,2,2,1
1001,1,4,1,10,2,2,2,2,1
1002,2,2,1,2,2,2,2,3,1
1003,2,4,1,5,2,2,2,2,1
1004,2,3,1,1,1,2,2,1,1
1005,2,7,1,1,3,1,2,2,1
1006,2,9,2,1,1,2,2,2,1
1007,1,2,2,2,2,2,2,2,1
1008,2,9,2,1,1,2,2,2,1
1009,2,5,1,1,3,1,1,3,1
1010,1,4,1,5,2,2,2,2,1
1011,2,4,1,6,2,2,2,2,1
1012,2,2,1,2,2,2,2,1,1
1013,1,7,1,1,1,2,2,2,1
1014,2,5,1,1,3,2,2,2,1
1015,1,7,1,1,1,1,2,1,1
1016,2,9,2,1,1,2,2,2,1
1017,2,9,1,1,1,2,2,2,1
1018,2,4,1,6,2,1,2,1,1
1019,2,9,1,1,1,1,2,1,1
1020,1,2,1,2,2,2,2,2,1
1021,2,5,1,1,3,2,2,2,1
1022,1,9,2,1,1,2,2,2,1
1023,2,4,1,5,2,2,2,2,1
1024,1,9,1,1,1,2,2,2,1
1025,1,2,1,2,2,2,2,1,1
1026,2,2,1,3,2,2,2,2,1
1027,2,8,1,1,3,1,2,2,1
1028,2,3,1,1,1,1,1,3,1
1029,2,3,1,1,1,2,2,1,1
1030,2,7,2,1,1,2,2,2,1
1031,1,10,1,1,3,1,2,2,1
1032,2,5,1,1,3,2,2,2,1
1033,2,5,1,1,2,1,1,2,1
1034,2,9,2,1,1,2,2,3,1
1035,2,7,2,1,1,2,2,2,1
1036,2,9,2,1,1,2,2,2,1
1037,2,7,2,1,1,2,2,2,1
1038,1,5,1,1,2,2,2,1,1
1039,1,5,1,1,3,1,2,2,1
1040,2,3,1,1,1,1,2,1,1
1041,1,2,1,1,1,1,2,3,1
1042,2,4,1,6,2,2,2,1,1
1043,1,9,1,1,1,2,2,2,1
1044,2,1,1,2,2,1,1,3,1
1045,2,2,1,2,2,2,2,3,1
1046,1,3,1,1,1,2,2,2,1
1047,1,2,2,1,1,1,1,2,1
1048,2,2,1,1,3,2,2,2,1
1049,2,5,1,1,3,2,2,2,1
1050,2,2,1,3,2,2,2,2,1
1051,2,7,2,1,1,1,1,4,1
1052,1,2,2,1,1,1,1,2,1
1053,1,5,1,1,3,2,2,2,1
1054,2,9,2,1,1,2,2,2,1
1055,2,7,1,1,1,2,2,1,1
1056,2,9,2,1,1,2,2,2,1
1057,1,1,1,1,3,2,2,2,1
1058,1,5,1,1,3,1,2,2,1
1059,2,7,1,1,1,2,2,1,1
1060,2,4,1,6,2,1,1,1,1
1061,1,2,1,2,2,2,2,2,1
1062,2,2,1,2,2,2,2,1,1
1063,2,9,2,1,1,2,2,2,1
1064,2,7,2,1,1,2,2,2,1
1065,2,3,1,1,1,1,1,3,1
1066,1,2,1,1,1,1,1,2,1
1067,2,2,1,9,2,2,2,2,1
1068,1,2,1,1,1,2,2,2,1
1069,1,4,1,1,2,2,2,1,1
1070,1,4,1,6,2,2,2,2,1
1071,2,7,1,1,1,2,2,1,1
1072,2,2,1,1,1,2,2,3,1
1073,1,5,1,1,2,1,1,2,1
1074,1,2,1,7,2,1,2,1,1
1075,2,5,1,1,3,2,2,2,1
1076,2,2,1,8,2,2,2,2,1
1077,2,5,1,1,3,1,2,2,1
1078,2,7,2,1,1,2,2,2,1
1079,1,2,1,1,1,2,2,3,1
1080,2,5,1,6,2,2,2,1,1
1081,2,3,1,1,1,2,2,1,1
1082,1,8,1,1,3,1,1,3,1
1083,2,9,2,1,1,2,2,2,1
1084,1,5,2,1,1,2,2,2,1
1085,2,9,2,1,1,2,2,2,1
1086,1,9,1,1,1,2,2,2,1
1087,2,7,2,1,1,1,1,1,1
1088,2,3,1,1,1,2,2,1,1
1089,2,3,1,1,1,2,2,1,1
1090,1,5,1,1,3,2,2,2,1
1091,2,9,2,1,1,2,2,2,1
1092,2,7,2,1,1,2,2,2,1
1093,1,2,1,2,2,2,2,1,1
1094,1,7,1,1,1,2,2,1,1
1095,2,7,1,1,1,2,2,1,1
1096,2,2,1,2,2,1,1,2,1
1097,2,7,1,1,1,2,2,1,1
1098,1,7,1,1,1,1,2,1,1
1099,2,4,1,5,2,2,2,2,1
1100,2,5,1,1,3,2,2,2,1
1101,2,3,1,1,1,1,2,1,1
1102,2,7,1,6,2,2,2,1,1
1103,2,3,1,1,1,2,2,1,1
1104,1,2,2,7,2,2,2,2,1
1105,2,2,1,3,2,2,2,2,1
1106,1,2,1,1,3,1,2,2,1
1107,2,7,1,1,1,2,2,1,1
1108,2,7,1,1,1,2,2,1,1
1109,2,7,1,1,1,2,2,1,1
1110,1,2,2,1,1,2,2,2,1
1111,2,9,1,1,1,1,2,1,1
1112,1,7,2,1,1,2,2,2,1
1113,2,7,1,6,2,2,2,1,1
1114,2,7,2,1,1,2,2,2,1
1115,2,2,1,2,2,1,2,2,1
1116,1,2,2,7,2,2,2,2,1
1117,1,7,1,1,1,2,2,2,1
1118,2,3,2,1,1,2,2,2,1
1119,2,9,2,1,1,2,2,5,1
1120,2,3,2,1,1,2,2,2,1
1121,2,2,1,1,2,1,2,2,1
1122,2,6,1,1,1,2,2,2,1
1123,2,9,2,1,1,2,2,2,1
1124,1,2,1,2,2,2,2,1,1
1125,1,3,2,1,1,2,2,2,1
1126,1,5,1,1,3,1,1,1,1
1127,2,7,1,1,1,2,2,1,1
1128,2,7,1,1,1,2,2,1,1
1129,2,3,1,1,1,2,2,1,1
1130,2,9,1,1,1,1,2,1,1
1131,2,5,1,1,3,2,2,2,1
1132,1,2,1,2,2,2,2,3,1
1133,1,10,1,1,3,1,2,2,1
1134,2,7,1,6,2,2,2,1,1
1135,2,4,1,6,2,2,2,2,1
1136,2,7,2,1,1,2,2,2,1
1137,2,2,1,2,2,1,1,1,1
1138,2,9,2,1,1,2,2,2,1
1139,2,5,1,1,3,2,2,2,1
1140,2,5,1,1,3,1,1,3,1
1141,2,2,1,1,1,2,2,2,1
1142,2,7,1,1,1,2,2,1,1
1143,2,7,1,6,2,2,2,1,1
1144,2,5,1,1,2,1,1,2,1
1145,2,4,1,5,2,2,2,2,1
1146,1,9,1,1,1,2,2,2,1
1147,2,5,1,1,3,1,1,2,1
1148,1,5,1,1,3,1,2,2,1
1149,2,5,1,1,3,2,2,2,1
1150,1,2,1,1,1,1,2,3,1
1151,2,4,1,10,2,2,2,2,1
1152,2,7,2,1,1,2,2,2,1
1153,2,2,1,3,2,2,2,2,1
1154,1,5,1,1,1,1,1,1,1
1155,1,4,1,5,2,2,2,2,1
1156,2,10,1,1,1,1,2,1,1
1157,2,7,1,1,1,2,2,1,1
1158,1,3,2,1,1,2,2,2,1
1159,2,2,1,2,2,2,2,1,1
1160,1,5,1,1,3,2,2,2,1
1161,2,5,1,1,2,2,2,2,1
1162,2,4,1,10,2,2,2,2,1
1163,1,1,2,1,1,2,2,2,1
1164,1,2,2,1,1,2,2,2,1
1165,2,2,2,7,2,1,1,1,1
1166,1,7,1,1,1,2,2,1,1
1167,1,9,2,1,1,2,2,2,1
1168,2,3,1,1,1,2,2,1,1
1169,1,7,2,1,1,2,2,2,1
1170,1,2,1,2,2,2,2,2,1
1171,1,7,1,1,1,1,2,1,1
1172,2,2,1,3,2,2,2,2,1
1173,2,7,1,6,2,2,2,1,1
1174,1,7,1,1,1,2,2,1,1
1175,1,5,1,1,3,2,2,2,1
1176,1,7,1,1,1,2,2,1,1
1177,2,7,1,1,3,1,2,2,1
1178,2,7,2,1,1,2,2,2,1
1179,2,2,1,2,2,1,2,1,1
1180,2,5,1,1,3,1,1,1,1
1181,2,7,2,1,1,2,2,2,1
1182,2,2,1,2,2,2,2,2,1
1183,1,4,1,6,2,2,2,1,1
1184,2,10,1,1,1,2,2,1,1
1185,1,9,2,1,1,2,2,2,1
1186,2,5,1,6,2,1,1,2,1
1187,2,2,1,3,2,2,2,2,1
1188,2,2,1,1,1,2,2,2,1
1189,2,4,1,11,2,2,2,1,1
1190,2,2,1,2,2,2,2,1,1
1191,2,2,1,1,1,1,1,5,1
1192,1,2,2,7,2,2,2,2,1
1193,2,7,1,1,1,2,2,1,1
1194,1,1,1,1,1,1,1,2,1
1195,2,4,1,5,2,2,2,1,1
1196,1,5,1,1,3,2,2,2,1
1197,2,2,1,7,2,1,1,1,1
1198,1,8,1,1,3,1,1,3,1
1199,1,5,2,1,1,2,2,2,1
1200,1,5,1,1,3,1,1,1,1
1201,2,5,1,1,3,1,1,1,1
1202,2,7,2,1,1,1,1,2,1
1203,2,9,1,1,1,2,2,1,1
1204,1,4,1,4,2,2,2,2,1
1205,1,5,1,1,3,2,2,2,1
1206,1,5,1,1,3,2,2,2,1
1207,2,4,1,6,2,1,1,1,1
1208,2,1,1,5,2,2,2,2,1
1209,2,4,1,5,2,2,2,1,1
1210,2,3,1,1,1,2,2,1,1
1211,2,4,1,5,2,2,2,1,1
1212,2,2,1,2,2,2,2,1,1
1213,1,2,2,1,1,1,1,2,1
1214,1,5,1,1,3,1,1,2,1
1215,1,2,2,1,1,2,2,2,1
1216,1,2,1,8,1,2,2,2,1
1217,2,3,1,1,1,2,2,2,1
1218,2,1,1,5,2,2,2,2,1
1219,2,3,1,1,1,2,2,1,1
1220,2,1,1,13,2,2,2,2,1
1221,1,7,1,1,1,1,1,3,1
1222,2,9,2,1,1,2,2,2,1
1223,2,4,1,6,2,2,2,1,1
1224,2,3,1,1,1,1,1,1,1
1225,2,2,1,2,2,2,2,2,1
1226,2,9,2,1,1,2,2,2,1
1227,2,4,1,10,2,2,2,2,1
1228,2,7,2,1,1,2,2,2,1
1229,1,3,2,1,1,2,2,2,1
