0,1,9,1,1,1,2,2,2,1
1,1,5,1,1,3,1,2,2,1
2,1,3,2,1,1,2,2,2,1
3,1,3,1,1,1,2,2,1,1
4,2,2,1,1,1,1,1,5,1
5,1,8,1,1,3,1,1,3,1
6,1,4,1,6,2,2,2,2,1
7,1,2,1,2,2,2,2,2,1
8,2,5,1,1,2,2,2,2,1
9,2,5,1,1,2,1,1,2,1
10,2,5,1,1,3,2,2,2,1
11,1,10,1,1,3,1,2,2,1
12,2,1,2,1,1,2,2,2,1
13,2,7,2,1,1,1,1,4,1
14,2,7,1,1,1,1,1,2,1
15,2,2,1,2,2,2,2,1,1
16,1,5,1,1,3,1,2,2,1
17,1,5,1,1,3,2,2,2,1
18,1,5,1,1,3,1,1,2,1
19,2,1,2,2,2,1,1,3,1
20,2,1,1,2,2,1,1,3,1
21,1,7,2,1,1,2,2,2,1
22,1,7,2,1,1,2,2,2,1
23,1,5,1,1,3,2,2,2,1
24,1,5,1,1,1,1,1,2,1
25,1,5,1,1,3,2,2,2,1
26,1,5,1,1,3,2,2,2,1
27,1,9,1,1,1,2,2,2,1
28,1,5,1,1,3,2,2,2,1
29,1,5,1,1,3,2,2,2,1
30,1,5,1,1,3,2,2,2,1
31,2,7,2,1,1,2,2,2,1
32,2,7,2,1,1,2,2,2,1
33,2,1,3,1,1,2,2,2,1
34,1,5,1,1,3,2,2,2,1
35,1,2,1,2,2,2,2,2,1
36,2,5,1,1,3,2,2,2,1
37,2,2,1,3,2,2,2,2,1
38,1,2,1,2,2,2,2,2,1
39,2,5,1,1,3,1,1,1,1
40,2,2,1,2,2,2,2,2,1
41,2,2,1,3,2,2,2,2,1
42,1,2,1,2,2,2,2,2,1
43,2,7,2,1,1,1,1,2,1
44,1,5,1,1,3,1,2,2,1
45,1,7,2,1,1,2,2,2,1
46,2,2,1,2,2,2,2,2,1
47,2,2,1,1,2,1,2,1,1
48,2,2,1,3,2,2,2,2,1
49,2,3,1,1,1,1,1,1,1
50,2,2,1,3,2,2,2,2,1
51,2,4,1,10,2,2,2,2,1
52,2,5,1,6,2,1,1,2,1
53,2,5,1,1,1,2,2,2,1
54,1,5,1,1,3,1,1,1,1
55,2,4,1,6,2,2,2,2,1
56,1,7,2,1,1,2,2,2,1
57,2,5,1,1,2,1,1,2,1
58,1,5,2,1,3,1,1,2,1
59,1,5,1,1,3,1,1,2,1
60,2,3,1,1,1,1,1,3,1
61,1,2,1,9,2,2,2,2,1
62,1,4,1,6,2,2,2,1,1
63,2,4,1,6,2,2,2,2,1
64,1,4,1,6,2,1,1,1,1
65,1,3,2,1,1,2,2,2,1
66,1,3,1,1,1,2,2,1,1
67,1,7,1,1,1,1,2,1,1
68,1,2,2,2,2,2,2,2,1
69,1,2,1,2,2,2,2,1,1
70,2,2,1,2,2,1,2,1,1
71,2,2,2,2,2,2,2,2,1
72,2,2,1,2,2,2,2,1,1
73,2,2,2,7,2,1,1,1,1
74,2,2,1,7,2,1,1,1,1
75,2,2,1,1,1,2,2,2,1
76,2,9,2,1,1,2,2,2,1
77,2,9,2,1,1,2,2,2,1
78,2,9,1,1,1,2,2,1,1
79,2,7,2,1,1,2,2,2,1
80,2,7,1,1,1,2,2,1,1
81,1,1,2,1,1,2,2,2,1
82,1,7,1,1,1,2,2,1,1
83,2,2,1,2,2,1,1,1,1
84,2,9,2,1,1,2,2,2,1
85,2,9,2,1,1,2,2,2,1
86,2,9,1,1,1,1,2,1,1
87,2,7,2,1,1,2,2,2,1
88,2,7,1,1,1,2,2,1,1
89,2,3,2,1,1,2,2,2,1
90,2,3,1,1,1,2,2,1,1
91,2,2,1,2,2,2,2,1,1
92,2,9,2,1,1,2,2,2,1
93,2,7,1,6,2,2,2,1,1
94,2,7,2,1,1,2,2,2,1
95,2,2,2,7,2,2,2,2,1
96,2,3,2,1,1,2,2,2,1
97,2,3,1,1,1,2,2,1,1
98,2,2,2,2,2,2,2,2,1
99,2,2,1,2,2,1,2,1,1
100,1,2,1,2,2,2,2,3,1
101,1,2,2,7,2,2,2,2,1
102,1,2,1,7,2,1,2,1,1
103,2,9,2,1,1,2,2,2,1
104,2,9,1,1,1,1,2,1,1
105,2,4,1,6,2,1,2,1,1
106,2,7,2,1,1,2,2,2,1
107,2,7,1,1,1,2,2,1,1
108,2,2,1,2,2,1,1,1,1
109,2,2,1,2,2,2,2,1,1
110,2,7,2,1,1,2,2,2,1
111,2,2,1,2,2,2,2,1,1
112,2,9,2,1,1,2,2,2,1
113,2,2,1,2,2,2,2,1,1
114,2,9,2,1,1,2,2,2,1
115,2,9,1,1,1,2,2,1,1
116,1,1,2,1,1,2,2,2,1
117,1,7,1,1,1,2,2,1,1
118,2,2,1,2,2,1,1,1,1
119,2,2,1,2,2,2,2,1,1
120,2,7,2,1,1,2,2,2,1
121,2,7,1,1,1,2,2,1,1
122,2,5,1,6,2,2,2,1,1
123,2,4,1,6,2,2,2,1,1
124,2,2,2,2,2,2,2,2,1
125,2,2,1,2,2,2,2,1,1
126,2,9,2,1,1,2,2,2,1
127,2,7,2,1,1,2,2,2,1
128,2,7,1,1,1,2,2,1,1
129,2,7,1,6,2,2,2,1,1
130,2,9,2,1,1,2,2,2,1
131,2,10,1,1,1,1,2,1,1
132,1,2,2,2,2,2,2,2,1
133,1,2,1,2,2,2,2,1,1
134,2,4,1,6,2,1,1,1,1
135,2,2,1,2,2,1,1,1,1
136,2,7,1,1,1,1,1,1,1
137,2,9,2,1,1,2,2,2,1
138,2,9,1,1,1,2,2,1,1
139,2,3,2,1,1,2,2,2,1
140,2,3,1,1,1,1,2,1,1
141,2,2,1,2,2,2,2,1,1
142,2,9,1,1,1,2,2,3,1
143,2,9,2,1,1,2,2,2,1
144,2,7,1,1,1,2,2,1,1
145,2,7,1,1,1,2,2,2,1
146,2,9,2,1,1,2,2,2,1
147,2,4,1,11,2,2,2,1,1
148,2,10,2,1,1,2,2,2,1
149,2,10,1,1,1,2,2,1,1
150,1,4,1,1,2,1,1,1,1
151,2,9,2,1,1,2,2,2,1
152,2,7,1,1,1,2,2,1,1
153,2,3,1,1,1,2,2,1,1
154,2,7,2,1,1,2,2,2,1
155,1,2,1,2,2,2,2,1,1
156,1,7,1,1,1,2,2,1,1
157,2,2,2,2,2,2,2,2,1
158,2,2,1,2,2,2,2,1,1
159,2,2,2,2,2,2,2,2,1
160,2,2,1,2,2,2,2,1,1
161,1,5,2,1,1,2,2,2,1
162,1,4,1,6,2,1,2,1,1
163,2,2,1,2,2,2,2,1,1
164,2,7,2,1,1,2,2,2,1
165,2,5,1,1,3,1,1,1,1
166,2,9,2,1,1,2,2,2,1
167,2,7,1,1,1,2,2,1,1
168,2,2,1,3,2,2,2,2,1
169,1,7,1,1,1,2,2,2,1
170,2,5,1,1,3,1,1,2,1
171,2,2,1,3,2,2,2,2,1
172,2,5,1,1,3,2,2,2,1
173,1,5,1,1,3,1,1,1,1
174,2,2,1,3,2,2,2,2,1
175,1,5,1,1,3,2,2,2,1
176,2,1,1,13,2,2,2,2,1
177,2,5,1,1,3,2,2,2,1
178,2,2,1,3,2,2,2,2,1
179,2,5,1,1,3,1,1,2,1
180,1,4,1,4,2,2,2,2,1
181,1,7,1,1,3,1,1,2,1
182,2,9,1,1,1,2,2,1,1
183,2,9,2,1,1,2,2,2,1
184,2,4,1,6,2,2,2,1,1
185,1,5,1,1,3,1,1,3,1
186,2,4,1,6,2,2,2,1,1
187,1,2,1,2,2,1,2,1,1
188,2,2,1,2,2,2,2,1,1
189,2,4,1,6,2,2,2,1,1
190,2,6,1,1,1,2,2,2,1
191,2,2,1,3,2,2,2,2,1
192,1,5,1,1,3,1,1,2,1
193,2,2,1,7,2,1,1,2,1
194,2,9,1,1,1,2,2,2,1
195,1,4,1,10,2,2,2,2,1
196,1,2,1,2,2,2,2,2,1
197,2,2,1,2,2,2,2,1,1
198,1,3,1,1,1,2,2,2,1
199,1,4,1,14,2,2,2,1,1
200,2,4,1,10,2,2,2,2,1
201,1,4,1,1,2,2,2,1,1
202,1,1,1,1,3,2,2,2,1
203,1,5,1,1,3,2,2,2,1
204,1,9,2,1,1,2,2,2,1
205,1,9,1,1,1,2,2,1,1
206,1,9,2,1,1,2,2,3,1
207,2,5,1,1,3,1,1,1,1
208,1,5,1,1,3,2,2,2,1
209,1,7,2,1,1,2,2,2,1
210,1,5,1,1,3,2,2,2,1
211,1,5,1,1,3,2,2,2,1
212,1,7,2,1,1,2,2,2,1
213,1,2,1,1,3,1,2,2,1
214,1,5,1,1,2,1,1,2,1
215,1,5,1,1,3,2,2,2,1
216,1,5,1,1,1,1,1,1,1
217,1,6,2,1,1,2,2,1,1
218,1,4,1,1,2,1,2,2,1
219,1,4,1,6,2,2,2,2,1
220,2,5,1,1,3,1,2,2,1
221,2,5,1,1,3,1,2,2,1
222,1,3,1,1,3,2,2,2,1
223,1,5,1,1,3,2,2,2,1
224,1,2,2,1,1,2,2,2,1
225,1,5,1,1,3,2,2,2,1
226,1,2,1,1,1,2,2,2,1
227,1,4,1,10,2,2,2,2,1
228,1,2,2,1,1,2,2,2,1
229,1,5,1,1,3,2,2,2,1
230,1,2,2,1,1,2,2,2,1
231,1,2,2,1,1,2,2,2,1
232,1,2,2,1,1,2,2,2,1
233,1,2,1,1,1,2,2,2,1
234,1,3,1,1,1,2,2,2,1
235,1,11,2,1,1,2,2,2,1
236,2,5,1,1,3,2,2,2,1
237,1,2,2,1,1,2,2,2,1
238,2,5,1,1,3,2,2,2,1
239,1,4,1,8,2,2,2,2,1
240,1,2,1,1,1,1,2,3,1
241,1,2,1,1,1,2,2,2,1
242,1,2,1,1,1,1,1,2,1
243,2,7,1,1,3,1,2,2,1
244,2,5,1,1,3,1,1,2,1
245,2,2,1,2,2,2,2,2,1
246,2,2,1,9,2,2,2,2,1
247,2,5,1,1,2,2,2,2,1
248,1,7,2,1,1,2,2,2,1
249,2,2,1,3,2,2,2,2,1
250,2,4,1,6,2,2,2,2,1
251,2,2,1,9,2,2,2,2,1
252,1,4,1,6,2,2,2,2,1
253,1,2,1,1,1,2,2,2,1
254,2,3,1,1,1,2,2,2,1
255,1,7,1,1,1,2,2,2,1
256,1,5,1,1,3,2,2,2,1
257,1,2,1,1,1,2,2,2,1
258,1,2,1,1,1,2,2,2,1
259,2,2,1,1,1,2,2,2,1
260,2,2,1,1,3,2,2,2,1
261,1,4,1,6,2,2,2,2,1
262,1,2,1,9,2,2,2,2,1
263,1,2,1,9,2,2,2,2,1
264,1,2,1,1,1,2,2,2,1
265,1,2,1,1,1,2,2,2,1
266,2,2,1,1,1,2,2,2,1
267,2,2,1,1,1,2,2,2,1
268,1,6,1,1,3,2,2,2,1
269,1,6,1,1,3,2,2,2,1
270,1,2,1,8,1,2,2,2,1
271,1,2,1,1,1,2,2,3,1
272,1,2,1,1,1,2,2,3,1
273,1,5,1,1,2,2,2,1,1
274,1,3,1,1,1,2,2,3,1
275,1,2,1,1,1,2,2,1,1
276,1,9,1,1,1,2,2,2,1
277,1,8,1,1,3,2,2,2,1
278,2,5,1,1,3,2,2,2,1
279,2,9,2,1,1,2,2,5,1
280,2,2,2,2,2,1,1,2,1
281,2,5,1,1,3,2,2,2,1
282,2,4,1,12,2,2,2,2,1
283,2,2,1,2,2,1,1,2,1
284,2,5,1,1,3,1,2,2,1
285,2,4,1,5,2,2,2,2,1
286,2,5,1,1,3,2,2,2,1
287,2,2,1,1,2,1,1,2,1
288,1,4,1,5,2,2,2,2,1
289,1,5,1,1,3,2,2,2,1
290,1,1,1,1,1,1,1,2,1
291,2,2,1,2,2,2,2,3,1
292,2,2,1,1,1,2,2,2,1
293,2,2,1,1,1,2,2,3,1
294,2,2,1,2,2,2,2,3,1
295,2,2,1,1,2,1,2,2,1
296,2,2,1,1,3,2,2,2,1
297,1,2,2,1,1,1,1,2,1
298,2,4,1,5,2,2,2,2,1
299,1,7,1,1,1,1,1,3,1
300,2,4,1,5,2,2,2,2,1
301,1,5,1,1,3,1,2,2,1
302,1,2,1,2,2,1,1,2,1
303,2,5,1,1,3,2,2,2,1
304,2,2,1,1,1,1,1,2,1
305,2,4,1,6,2,2,2,2,1
306,2,3,1,1,1,1,1,3,1
307,2,8,1,1,3,1,2,2,1
308,2,7,1,1,3,1,2,2,1
309,2,4,1,5,2,2,2,1,1
310,2,1,1,3,2,2,2,2,1
311,2,2,1,5,2,2,2,2,1
312,2,1,1,5,2,2,2,2,1
313,2,4,1,5,2,2,2,2,1
314,2,7,2,1,1,2,2,2,1
315,2,6,1,1,1,2,2,2,1
316,2,1,2,1,3,2,2,2,1
317,2,2,2,1,1,2,2,2,1
318,2,2,1,1,1,2,2,1,1
319,2,5,1,1,3,1,1,3,1
320,1,5,1,1,3,2,2,2,1
321,1,2,1,2,2,2,2,2,1
322,2,2,1,2,2,1,2,2,1
323,2,7,1,1,3,1,2,2,1
324,2,9,1,1,1,1,2,2,1
325,2,2,1,8,2,2,2,2,1
326,2,2,1,2,2,2,2,3,1
327,2,4,1,6,2,2,2,2,1
328,2,5,1,1,3,2,2,2,1
329,2,7,1,1,1,2,2,1,1
330,2,3,2,1,1,2,2,2,1
331,2,3,1,1,1,2,2,1,1
332,2,7,1,6,2,2,2,1,1
333,2,3,1,1,1,2,2,1,1
334,2,2,1,2,2,2,2,1,1
335,2,7,2,1,1,1,1,1,1
336,2,7,1,1,1,1,1,1,1
337,2,5,2,1,1,2,2,2,1
338,2,7,1,7,2,2,2,1,1
339,2,9,2,1,1,2,2,2,1
340,2,7,2,1,1,2,2,2,1
341,2,7,1,1,1,2,2,1,1
342,2,9,2,1,1,2,2,2,1
343,2,7,1,1,1,2,2,1,1
344,2,7,2,1,1,2,2,2,1
345,2,7,1,1,1,2,2,1,1
346,1,5,3,1,3,2,2,2,1
347,2,5,1,1,3,2,2,1,1
348,2,5,1,1,3,1,2,2,1
349,2,2,1,1,3,1,2,2,1
350,2,7,2,1,1,2,2,2,1
351,2,9,2,1,1,2,2,2,1
352,2,7,1,1,1,2,2,1,1
353,1,2,1,2,2,2,2,1,1
354,1,9,2,1,1,2,2,2,1
355,2,9,2,1,1,2,2,2,1
356,2,3,2,1,1,2,2,2,1
357,2,3,1,1,1,2,2,1,1
358,1,9,2,1,1,2,2,2,1
359,1,9,1,1,1,2,2,1,1
360,2,7,2,1,1,2,2,2,1
361,2,9,2,1,1,2,2,3,1
362,2,3,1,1,1,2,2,1,1
363,2,7,2,1,1,2,2,2,1
364,2,7,2,1,1,2,2,2,1
365,2,7,1,1,1,2,2,1,1
366,2,4,1,6,2,2,2,1,1
367,2,6,2,1,1,2,2,2,2
368,2,9,2,1,1,2,2,2,2
369,2,9,2,1,1,2,2,2,2
370,1,9,2,1,1,2,2,2,2
371,2,2,2,2,2,2,2,2,2
372,2,7,2,1,1,2,2,2,2
373,1,7,2,1,1,2,2,2,2
374,2,7,2,1,1,2,2,2,2
375,2,7,2,1,1,2,2,2,2
376,2,9,2,1,1,2,2,2,2
377,2,7,2,1,1,2,2,2,2
378,1,9,2,1,1,2,2,2,2
379,2,9,2,1,1,2,2,2,2
380,2,7,2,1,1,2,2,2,2
381,1,9,2,1,1,2,2,2,2
382,2,7,2,1,1,2,2,2,2
383,2,7,2,1,1,2,2,2,2
384,2,9,2,1,1,2,2,2,2
385,2,3,2,1,1,2,2,2,2
386,2,7,2,1,1,2,2,2,2
387,2,9,2,1,1,2,2,2,2
388,2,7,3,1,1,2,2,4,2
389,2,9,2,1,1,2,2,2,2
390,2,9,2,1,1,2,2,2,2
391,2,2,2,2,2,2,2,2,2
392,2,2,2,2,2,1,2,3,2
393,2,9,2,1,1,2,2,2,2
394,2,5,2,1,3,1,1,2,2
395,2,9,2,1,1,2,2,2,2
396,2,5,2,1,1,2,2,2,2
397,2,7,2,1,1,2,2,2,2
398,2,7,2,1,1,2,2,2,2
399,2,7,2,1,1,2,2,2,2
400,2,7,2,1,1,2,2,2,2
401,2,9,2,1,1,2,2,2,2
402,1,9,2,1,1,2,2,2,2
403,2,2,2,2,2,2,2,2,2
404,1,7,2,1,1,2,2,2,2
405,2,9,2,1,1,2,2,2,2
406,2,7,2,1,1,2,2,2,2
407,2,7,2,1,1,2,2,2,2
408,1,7,2,1,1,2,2,2,2
409,2,9,2,1,1,2,2,2,2
410,2,7,2,1,1,2,2,2,2
411,2,9,2,1,1,2,2,2,2
412,2,9,2,1,1,2,2,2,2
413,2,3,2,1,1,2,2,2,2
414,1,7,2,1,1,2,2,2,2
415,2,9,2,1,1,2,2,2,2
416,2,9,2,1,1,2,2,2,2
417,1,9,2,1,1,2,2,2,2
418,2,7,2,1,1,2,2,2,2
419,2,9,2,1,1,2,2,2,2
420,2,11,2,1,1,2,2,2,2
421,2,3,2,1,1,2,2,2,2
422,2,3,2,1,1,2,2,2,2
423,2,9,2,1,1,2,2,2,2
424,2,7,2,1,1,2,2,2,2
425,2,9,2,1,1,2,2,2,2
426,2,7,2,1,1,2,2,2,2
427,2,9,2,1,1,2,2,2,2
428,2,9,2,1,1,2,2,2,2
429,2,9,2,1,1,2,2,2,2
430,1,9,2,1,1,2,2,2,2
431,2,7,2,1,1,2,2,2,2
432,2,2,2,2,2,2,2,2,2
433,2,7,2,1,1,2,2,2,2
434,2,9,2,1,1,2,2,2,2
435,1,7,2,1,1,2,2,2,2
436,2,9,2,1,1,2,2,2,2
437,2,9,2,1,1,2,2,2,2
438,2,9,2,1,1,2,2,2,2
439,2,7,2,1,1,2,2,2,2
440,2,9,2,1,1,2,2,2,2
441,2,9,2,1,1,2,2,2,2
442,2,1,2,1,1,2,2,2,2
443,1,5,2,1,1,2,2,2,2
444,2,7,2,1,1,2,2,2,2
445,2,3,2,1,1,2,2,2,2
446,2,9,2,1,1,2,2,2,2
447,2,9,2,1,1,2,2,2,2
448,2,9,2,1,1,2,2,2,2
449,2,7,2,1,1,2,2,2,2
450,2,2,2,2,2,2,2,2,2
451,2,7,2,1,1,2,2,2,2
452,2,9,2,1,1,2,2,2,2
453,2,4,2,4,2,2,2,2,2
454,2,9,2,1,1,2,2,2,2
455,2,9,2,1,1,2,2,2,2
456,1,7,2,1,1,2,2,2,2
457,2,9,2,1,1,2,2,2,2
458,1,7,2,1,1,2,2,2,2
459,2,9,2,1,1,2,2,2,2
460,2,7,2,1,1,2,2,2,2
461,2,2,2,7,2,2,2,2,2
462,2,5,2,1,3,2,2,2,2
463,2,9,2,1,1,2,2,2,2
464,1,3,2,1,1,2,2,2,2
465,1,9,2,1,1,2,2,2,2
466,2,7,3,1,1,2,2,5,2
467,2,7,2,1,1,2,2,2,2
468,2,9,2,1,1,2,2,2,2
469,2,7,2,1,1,2,2,2,2
470,2,2,2,2,2,2,2,2,2
471,2,9,2,1,1,2,2,2,2
472,2,7,2,1,1,2,2,2,2
473,2,7,2,1,1,2,2,2,2
474,2,5,2,1,2,1,2,2,2
475,2,9,2,1,1,2,2,2,2
476,2,9,2,1,1,2,2,2,2
477,2,9,2,1,1,2,2,2,2
478,2,2,2,2,2,1,1,2,2
479,2,9,2,1,1,2,2,2,2
480,2,9,2,1,1,2,2,2,2
481,2,9,2,1,1,2,2,2,2
482,2,9,2,1,1,2,2,2,2
483,1,3,2,1,1,2,2,2,2
484,2,1,2,1,1,2,2,2,2
485,2,9,2,1,1,2,2,2,2
486,1,3,2,1,1,2,2,2,2
487,2,3,2,1,1,2,2,2,2
488,2,5,2,1,3,1,1,2,2
489,1,7,2,1,1,2,2,2,2
490,2,9,2,1,1,2,2,2,2
491,2,7,2,1,1,2,2,2,2
492,2,2,2,2,2,2,2,2,2
493,2,10,2,1,1,2,2,2,2
494,2,11,2,1,1,2,2,2,2
495,2,9,2,1,1,2,2,2,2
496,2,9,2,1,1,2,2,2,2
497,2,9,2,1,1,2,2,2,2
498,1,2,2,2,2,2,2,2,2
499,1,3,2,8,2,1,1,3,2
500,2,7,2,1,1,2,2,2,2
501,2,9,2,1,1,2,2,2,2
502,2,9,2,1,1,2,2,2,2
503,2,9,2,1,1,2,2,2,2
504,2,9,2,1,1,2,2,2,2
505,2,9,2,1,1,2,2,2,2
506,2,9,2,1,1,1,1,3,2
507,2,7,2,1,1,2,2,2,2
508,2,9,2,1,1,2,2,2,2
509,2,9,2,1,1,2,2,2,2
510,2,7,2,1,1,2,2,2,2
511,2,7,2,1,1,2,2,2,2
512,2,7,2,1,1,2,2,2,2
513,2,2,2,7,2,2,2,2,2
514,2,9,2,1,1,2,2,2,2
515,2,9,2,1,1,2,2,2,2
516,2,9,2,1,1,2,2,2,2
517,2,3,2,1,1,2,2,2,2
518,2,9,2,1,1,2,2,2,2
519,2,9,2,1,1,2,2,2,2
520,2,9,2,1,1,2,2,2,2
521,2,2,2,2,2,2,2,2,2
522,1,9,2,1,1,2,2,2,2
523,2,7,2,1,1,2,2,2,2
524,2,9,2,1,1,2,2,2,2
525,2,7,2,1,1,2,2,2,2
526,2,7,2,1,1,2,2,2,2
527,2,7,2,1,1,2,2,2,2
528,2,9,2,1,1,2,2,2,2
529,2,9,2,1,1,2,2,2,2
530,2,10,2,1,1,2,2,2,2
531,1,7,2,1,1,2,2,2,2
532,2,9,2,1,1,2,2,2,2
533,2,9,2,1,1,2,2,2,2
534,2,9,2,1,1,2,2,2,2
535,1,3,2,1,1,2,2,2,2
536,1,9,2,1,1,2,2,2,2
537,2,9,2,1,1,2,2,2,2
538,2,9,2,1,1,2,2,2,2
539,1,3,2,10,2,2,2,2,2
540,2,9,2,1,1,2,2,2,2
541,2,7,2,1,1,2,2,2,2
542,2,9,2,1,1,2,2,2,2
543,2,7,2,1,1,2,2,2,2
544,2,9,2,1,1,2,2,2,2
545,2,9,2,1,1,2,2,2,2
546,2,9,2,1,1,2,2,2,2
547,2,9,2,1,1,2,2,2,2
548,1,3,2,1,1,2,2,2,2
549,2,9,2,1,1,2,2,2,2
550,2,7,2,1,1,2,2,2,2
551,2,9,2,1,1,2,2,2,2
552,1,9,2,1,1,2,2,2,2
553,2,9,2,1,1,2,2,2,2
554,2,9,2,1,1,2,2,2,2
555,2,9,2,1,1,2,2,2,2
556,2,7,2,1,1,2,2,2,2
557,2,9,2,1,1,2,2,2,2
558,1,9,2,1,1,2,2,2,2
559,2,7,2,1,1,2,2,2,2
560,2,9,2,1,1,2,2,2,2
561,2,9,2,1,1,2,2,2,2
562,2,9,2,1,1,2,2,2,2
563,1,2,2,2,2,2,2,2,2
564,1,5,2,1,1,2,2,4,2
565,2,9,2,1,1,2,2,2,2
566,2,7,2,1,1,2,2,2,2
567,2,9,2,1,1,2,2,2,2
568,2,9,2,1,1,2,2,2,2
569,1,9,2,1,1,2,2,2,2
570,2,5,2,1,1,2,2,2,2
571,2,9,2,1,1,2,2,2,2
572,2,9,2,1,1,2,2,2,2
573,1,3,2,1,1,2,2,2,2
574,2,7,2,1,1,2,2,2,2
575,2,9,2,1,1,2,2,2,2
576,2,9,2,1,1,2,2,2,2
577,2,9,2,1,1,2,2,2,2
578,2,9,2,1,1,2,2,2,2
579,2,9,2,1,1,2,2,2,2
580,1,7,2,1,1,2,2,2,2
581,2,9,2,1,1,2,2,2,2
582,2,9,2,1,1,2,2,2,2
583,2,9,2,1,1,2,2,2,2
584,2,7,2,1,1,2,2,2,2
585,2,9,2,1,1,2,2,2,2
586,2,9,2,1,1,2,2,2,2
587,1,9,2,1,1,2,2,2,2
588,2,9,2,1,1,2,2,2,2
589,2,9,2,1,1,2,2,2,2
590,2,7,2,1,1,2,2,2,2
591,2,9,2,1,1,2,2,2,2
592,2,9,2,1,1,2,2,2,2
593,2,7,2,1,1,2,2,2,2
594,2,9,2,1,1,2,2,2,2
595,2,9,2,1,1,2,2,2,2
596,2,9,2,1,1,2,2,2,2
597,1,9,2,1,1,2,2,2,2
598,2,9,2,1,1,2,2,2,2
599,2,7,3,1,1,2,2,4,2
600,2,9,2,1,1,2,2,2,2
601,2,3,2,1,1,2,2,2,2
602,2,9,2,1,1,2,2,2,2
603,2,7,2,1,1,2,2,2,2
604,1,7,2,1,1,2,2,2,2
605,2,9,2,1,1,2,2,2,2
606,2,3,2,1,1,2,2,2,2
607,1,7,2,1,1,2,2,2,2
608,2,7,2,1,1,2,2,2,2
609,2,9,2,1,1,2,2,2,2
610,2,9,2,1,1,2,2,2,2
611,2,9,2,1,1,2,2,2,2
612,1,2,2,2,2,2,2,2,2
613,2,9,2,1,1,2,2,2,2
614,2,9,2,1,1,2,2,2,2
615,2,7,2,1,1,2,2,2,2
616,2,7,2,1,1,2,2,2,2
617,2,9,2,1,1,2,2,2,2
618,2,3,2,1,1,2,2,2,2
619,2,9,2,1,1,2,2,2,2
620,2,9,2,1,1,2,2,2,2
621,2,7,2,1,1,2,2,2,2
622,2,2,2,1,1,2,2,2,2
623,2,5,2,1,1,2,2,2,2
624,2,7,2,1,1,2,2,2,2
625,1,7,2,1,1,2,2,2,2
626,2,9,2,1,1,2,2,2,2
627,2,9,2,1,1,2,2,2,2
628,2,9,2,1,1,2,2,2,2
629,2,9,2,1,1,2,2,2,2
630,1,4,2,6,2,2,2,2,2
631,2,7,2,1,1,2,2,2,2
632,2,9,2,1,1,2,2,2,2
633,2,9,2,1,1,2,2,2,2
634,2,2,2,2,2,2,2,2,2
635,2,5,2,1,1,2,2,2,2
636,2,3,2,1,1,2,2,2,2
637,2,7,2,1,1,2,2,2,2
638,2,9,2,1,1,2,2,2,2
639,1,9,2,1,1,2,2,2,2
640,2,5,2,1,3,2,2,2,2
641,2,7,2,1,1,2,2,2,2
642,2,7,2,1,1,2,2,2,2
643,2,9,2,1,1,2,2,2,2
644,2,3,2,1,1,2,2,2,2
645,2,9,2,1,1,2,2,2,2
646,2,9,2,1,1,2,2,2,2
647,1,9,2,1,1,2,2,2,2
648,2,9,2,1,1,2,2,2,2
649,1,9,2,1,1,2,2,2,2
650,2,3,2,1,1,2,2,2,2
651,2,9,2,1,1,2,2,2,2
652,2,9,2,1,1,2,2,2,2
653,2,9,2,1,1,2,2,2,2
654,2,9,2,1,1,2,2,2,2
655,2,9,2,1,1,2,2,2,2
656,2,9,2,1,1,2,2,2,2
657,1,7,2,1,1,2,2,2,2
658,2,7,2,1,1,2,2,2,2
659,1,9,2,1,1,2,2,2,2
660,2,9,2,1,1,2,2,2,2
661,2,7,2,1,1,2,2,2,2
662,2,9,2,1,1,2,2,2,2
663,1,7,2,1,1,2,2,2,2
664,2,2,2,2,2,1,1,4,2
665,1,2,2,2,2,2,2,2,2
666,1,3,2,1,1,2,2,2,2
667,1,3,2,1,1,2,2,2,2
668,1,3,2,1,1,2,2,2,2
669,2,7,2,1,1,2,2,2,2
670,2,9,2,1,1,2,2,2,2
671,2,9,2,1,1,2,2,2,2
672,2,9,2,1,1,2,2,2,2
673,2,7,2,1,1,2,2,2,2
674,2,9,2,1,1,2,2,2,2
675,2,7,2,1,1,2,2,2,2
676,2,9,2,1,1,2,2,2,2
677,1,9,2,1,1,2,2,2,2
678,2,9,2,1,1,2,2,2,2
679,1,2,2,2,2,2,2,2,2
680,2,7,2,1,1,2,2,2,2
681,2,9,2,1,1,2,2,2,2
682,2,7,2,1,1,2,2,2,2
683,2,9,2,1,1,2,2,2,2
684,2,9,2,1,1,2,2,2,2
685,2,3,2,1,1,2,2,2,2
686,2,7,2,1,1,2,2,2,2
687,2,9,2,1,1,2,2,2,2
688,2,7,2,1,1,2,2,2,2
689,2,2,2,2,2,2,2,2,2
690,2,9,2,1,1,2,2,2,2
691,2,9,2,1,1,2,2,2,2
692,2,9,2,1,1,2,2,2,2
693,2,9,2,1,1,2,2,2,2
694,2,2,2,2,2,2,2,2,2
695,2,7,2,1,1,2,2,2,2
696,2,7,2,1,1,2,2,2,2
697,2,5,2,1,1,2,2,2,2
698,2,9,2,1,1,2,2,2,2
699,2,9,2,1,1,2,2,2,2
700,2,7,2,1,1,2,2,2,2
701,2,9,2,1,1,2,2,2,2
702,2,9,2,1,1,2,2,2,2
703,2,9,2,1,1,2,2,2,2
704,1,9,2,1,1,2,2,2,2
705,2,9,2,1,1,2,2,2,2
706,1,7,2,1,1,2,2,2,2
707,2,9,2,1,1,2,2,2,2
708,2,9,2,1,1,2,2,2,2
709,1,9,2,1,1,2,2,2,2
710,2,9,2,1,1,2,2,2,2
711,2,7,2,1,1,2,2,2,2
712,1,7,2,1,1,2,2,2,2
713,2,9,2,1,1,2,2,2,2
714,2,3,2,1,1,2,2,2,2
715,2,9,2,1,1,2,2,2,2
716,2,9,2,1,1,2,2,2,2
717,2,9,2,1,1,2,2,2,2
718,2,9,2,1,1,2,2,2,2
719,2,9,2,1,1,2,2,2,2
720,2,9,2,1,1,2,2,2,2
721,1,7,2,1,1,2,2,2,2
722,2,7,2,1,1,2,2,2,2
723,2,7,2,1,1,2,2,2,2
724,2,9,2,1,1,2,2,2,2
725,2,9,2,1,1,2,2,2,2
726,2,9,2,1,1,2,2,2,2
727,2,7,2,1,1,2,2,2,2
728,2,9,2,1,1,2,2,2,2
729,2,9,2,1,1,2,2,2,2
730,2,4,2,4,2,2,2,2,2
731,2,5,2,1,1,2,2,2,2
732,2,3,2,1,1,2,2,2,2
733,2,9,2,1,1,2,2,2,2
