0,2,5,9,1,0,1
1,2,5,9,1,0,1
2,3,7,19,1,0,1
3,3,7,9,1,0,1
4,2,5,9,1,0,1
5,3,7,15,1,0,1
6,3,7,9,1,4,1
7,3,7,9,1,0,1
8,2,8,18,1,0,1
9,2,10,10,1,0,1
10,2,5,9,1,0,1
11,2,6,16,1,2,1
12,3,7,9,2,0,1
13,3,7,16,1,0,1
14,3,7,15,1,4,1
15,3,7,19,1,0,1
16,2,5,9,1,2,1
17,3,7,9,1,0,1
18,2,5,9,1,2,1
19,2,5,9,1,0,1
20,3,7,4,1,0,1
21,3,7,9,1,0,1
22,3,7,19,1,4,1
23,3,7,19,1,0,1
24,3,7,9,1,0,1
25,3,7,19,1,4,1
26,2,5,9,1,4,1
27,3,7,15,1,0,1
28,2,6,9,1,4,1
29,2,5,9,1,0,1
30,3,7,15,1,2,1
31,2,5,9,1,2,1
32,3,7,9,1,0,1
33,2,5,4,1,0,1
34,2,5,9,1,0,1
35,3,7,19,1,0,1
36,2,10,16,1,0,1
37,3,7,19,1,2,1
38,3,7,9,1,4,1
39,2,8,4,1,2,1
40,3,7,19,4,0,1
41,3,7,19,1,4,1
42,3,7,16,1,0,1
43,3,7,9,1,4,1
44,2,4,1,1,2,1
45,2,5,6,1,3,1
46,2,2,10,1,4,1
47,3,7,4,1,0,1
48,3,7,19,1,0,1
49,2,5,9,1,0,1
50,2,5,9,1,4,1
51,3,7,19,1,2,1
52,2,5,4,1,0,1
53,3,7,9,1,0,1
54,2,5,9,1,0,1
55,3,7,9,1,2,1
56,3,7,15,1,0,1
57,2,6,9,1,4,1
58,3,7,19,1,0,1
59,3,7,19,1,0,1
60,2,10,4,1,0,1
61,3,10,9,1,0,1
62,2,5,9,1,2,1
63,3,7,19,1,4,1
64,3,7,15,1,0,1
65,3,7,16,1,4,1
66,2,10,10,1,0,1
67,3,7,4,1,0,1
68,3,7,16,1,0,1
69,3,7,4,1,0,1
70,3,7,9,1,0,1
71,2,8,4,1,2,1
72,3,7,15,1,4,1
73,3,7,19,1,0,1
74,2,5,9,1,0,1
75,2,10,17,3,0,1
76,2,5,4,1,0,1
77,3,7,19,1,4,1
78,2,5,4,1,0,1
79,3,7,9,1,2,1
80,3,7,16,1,4,1
81,2,5,9,1,2,1
82,2,10,10,1,0,1
83,2,10,9,1,0,1
84,2,10,16,1,4,1
85,1,10,10,1,0,1
86,3,7,9,1,4,1
87,2,5,9,1,0,1
88,2,5,9,1,0,1
89,3,7,9,1,0,1
90,3,7,19,1,4,1
91,3,7,16,1,0,1
92,3,7,19,1,0,1
93,3,7,15,1,4,1
94,1,6,17,1,4,1
95,2,5,9,1,0,1
96,3,7,15,1,0,1
97,3,7,19,1,2,1
98,2,5,16,3,0,1
99,2,10,10,1,0,1
100,3,7,9,1,0,1
101,2,5,9,1,2,1
102,3,7,9,1,0,1
103,2,5,9,1,0,1
104,3,7,9,1,0,1
105,3,7,19,3,2,1
106,3,7,15,1,0,1
107,3,7,9,1,4,1
108,1,10,9,1,0,1
109,3,7,4,1,4,1
110,3,7,9,1,0,1
111,2,10,9,1,0,1
112,3,7,19,1,0,1
113,3,7,19,1,2,1
114,2,5,9,1,2,1
115,3,7,19,1,0,1
116,2,10,16,1,0,1
117,3,7,9,1,0,1
118,3,10,4,1,0,1
119,3,7,9,1,4,1
120,3,7,16,1,0,1
121,2,5,9,1,2,1
122,3,10,9,1,0,1
123,3,7,19,1,4,1
124,2,5,16,1,4,1
125,2,5,15,1,0,1
126,3,7,19,1,4,1
127,3,7,19,1,2,1
128,3,7,19,1,0,1
129,2,10,9,1,4,1
130,3,7,19,1,2,1
131,1,10,10,1,0,1
132,2,10,9,1,0,1
133,2,10,10,2,1,1
134,2,5,9,1,2,1
135,3,7,4,1,0,1
136,2,5,9,1,0,1
137,3,7,19,1,4,1
138,2,10,16,1,4,1
139,3,7,19,1,4,1
140,2,5,16,1,0,1
141,2,5,9,1,2,1
142,3,7,19,1,0,1
143,2,6,19,1,0,1
144,3,7,9,1,0,1
145,3,7,19,1,4,1
146,2,5,9,1,2,1
147,3,7,16,1,0,1
148,3,10,9,1,4,1
149,3,7,19,1,4,1
150,3,7,19,1,2,1
151,2,10,4,1,0,1
152,3,7,16,1,4,1
153,2,4,9,1,0,1
154,3,7,9,1,0,1
155,2,10,4,2,3,1
156,2,5,5,1,2,1
157,2,5,9,1,2,1
158,2,5,9,4,4,1
159,2,10,16,1,0,1
160,1,4,9,1,0,1
161,3,7,15,1,2,1
162,2,10,9,1,0,1
163,1,10,19,1,4,1
164,2,5,9,4,0,1
165,3,7,4,1,0,1
166,3,10,9,1,0,1
167,2,10,9,1,0,1
168,3,7,4,1,4,1
169,2,10,9,1,2,1
170,2,4,16,1,4,1
171,3,7,15,1,0,1
172,3,7,16,1,0,1
173,3,7,19,1,4,1
174,3,7,19,1,2,1
175,3,7,9,1,4,1
176,3,7,9,1,4,1
177,3,7,4,1,2,1
178,3,7,19,1,2,1
179,3,7,9,1,0,1
180,2,5,10,1,0,1
181,2,10,4,1,0,1
182,3,7,9,1,0,1
183,3,7,16,1,1,1
184,2,10,9,1,2,1
185,3,7,19,1,4,1
186,3,7,19,1,0,1
187,1,10,10,1,0,1
188,1,10,1,1,0,1
189,3,7,19,1,0,1
190,3,7,19,1,3,1
191,3,7,9,1,0,1
192,3,7,16,1,0,1
193,3,7,19,1,4,1
194,1,10,19,1,4,1
195,2,10,16,1,0,1
196,2,5,7,2,3,1
197,3,7,9,1,0,1
198,2,8,4,1,0,1
199,3,7,19,1,4,1
200,2,10,9,1,4,1
201,2,4,4,1,0,1
202,3,7,15,1,0,1
203,3,7,9,1,0,1
204,3,7,19,1,0,1
205,2,5,9,1,4,1
206,3,7,16,1,4,1
207,3,7,15,1,2,1
208,2,5,9,1,2,1
209,2,5,4,1,2,1
210,3,7,19,1,0,1
211,3,7,19,1,3,1
212,3,7,10,1,4,1
213,2,5,4,1,0,1
214,3,7,15,1,0,1
215,2,5,9,1,0,1
216,1,10,19,1,4,1
217,3,7,19,1,4,1
218,2,2,10,1,0,1
219,2,6,9,1,0,1
220,3,10,9,1,0,1
221,3,7,19,1,4,1
222,2,5,9,1,0,1
223,3,7,15,1,2,1
224,3,7,10,1,0,1
225,2,6,9,4,0,1
226,2,4,9,1,0,1
227,2,6,9,4,4,1
228,2,5,9,1,0,1
229,3,7,16,1,0,1
230,3,7,19,1,4,1
231,2,4,16,1,0,1
232,2,10,16,1,1,1
233,2,5,9,1,4,1
234,3,7,19,1,0,1
235,2,5,16,1,2,1
236,3,7,9,1,0,1
237,2,5,9,1,4,1
238,2,8,10,1,4,1
239,2,5,9,1,0,1
240,3,7,19,1,0,1
241,3,7,19,1,4,1
242,3,7,19,1,0,1
243,3,7,19,1,0,1
244,2,4,4,1,4,1
245,3,10,16,1,0,1
246,2,6,9,1,4,1
247,2,5,9,1,0,1
248,3,7,15,1,0,1
249,3,7,9,1,4,1
250,2,5,9,1,0,1
251,3,7,19,1,4,1
252,2,5,9,1,4,1
253,3,7,19,1,2,1
254,2,10,16,1,4,1
255,2,5,4,1,0,1
256,2,5,9,1,0,1
257,3,7,16,1,4,1
258,3,7,9,1,0,1
259,2,5,9,1,0,1
260,3,7,15,1,2,1
261,3,7,9,1,0,1
262,3,10,9,1,4,1
263,3,7,16,1,0,1
264,2,5,10,1,4,1
265,2,5,9,1,2,1
266,2,10,16,1,2,1
267,3,7,9,1,0,1
268,3,7,19,1,0,1
269,3,7,15,1,0,1
270,2,5,9,1,0,1
271,3,7,9,4,4,1
272,3,7,4,1,4,1
273,3,7,9,1,0,1
274,2,5,9,1,0,1
275,3,7,19,1,4,1
276,3,7,19,1,0,1
277,2,5,16,1,0,1
278,3,7,9,1,4,1
279,3,7,19,1,4,1
280,2,5,9,1,0,1
281,3,7,16,1,0,1
282,2,5,9,2,2,1
283,1,10,18,1,0,1
284,3,10,9,1,4,1
285,2,5,9,1,0,1
286,3,7,19,1,4,1
287,2,5,9,1,0,1
288,3,7,15,1,0,1
289,3,7,9,1,0,1
290,3,7,9,1,0,1
291,2,10,4,1,0,1
292,2,10,16,1,0,1
293,3,7,9,1,0,1
294,2,8,16,1,0,1
295,1,10,1,1,0,1
296,2,10,10,1,0,1
297,3,7,9,1,4,1
298,3,7,19,1,4,1
299,2,10,4,1,2,1
300,3,7,19,1,2,1
301,2,9,16,1,0,1
302,3,7,4,1,0,1
303,3,7,9,1,0,1
304,3,7,19,1,4,1
305,3,7,19,1,0,1
306,3,7,16,1,0,1
307,3,7,19,1,4,1
308,3,7,19,1,0,1
309,3,7,19,1,4,1
310,3,7,16,1,0,1
311,3,7,9,1,0,1
312,3,7,19,1,0,1
313,1,10,10,1,4,1
314,3,7,19,1,0,1
315,3,7,19,1,4,1
316,3,7,9,1,4,1
317,3,7,19,1,0,1
318,2,10,10,1,0,1
319,3,7,19,1,0,1
320,3,7,19,1,0,1
321,3,7,19,1,4,1
322,3,7,4,1,0,1
323,1,10,10,2,4,1
324,3,7,19,1,4,1
325,3,7,19,1,4,1
326,3,7,9,1,4,1
327,3,7,19,1,4,1
328,3,7,19,1,4,1
329,2,7,9,1,4,1
330,3,7,9,1,0,1
331,3,7,4,1,0,1
332,2,5,9,1,2,1
333,3,7,19,1,4,1
334,2,5,4,1,4,1
335,2,5,9,1,2,1
336,2,5,9,1,0,1
337,2,10,4,1,0,1
338,2,5,9,1,2,1
339,3,7,9,1,0,1
340,1,10,10,2,0,1
341,3,7,16,1,0,1
342,3,7,9,1,0,1
343,2,5,9,1,4,1
344,3,7,4,1,0,1
345,3,7,16,1,2,1
346,3,7,9,1,0,1
347,3,7,9,1,0,1
348,2,5,9,1,0,1
349,3,7,19,1,4,1
350,2,5,9,1,0,1
351,3,7,19,1,0,1
352,2,10,9,1,0,1
353,1,10,19,1,4,1
354,3,7,19,1,0,1
355,2,5,4,1,0,1
356,2,10,9,1,0,1
357,3,10,9,1,0,1
358,3,7,19,1,0,1
359,2,5,4,1,0,1
360,3,7,19,1,0,1
361,2,10,10,1,4,1
362,3,10,9,1,4,1
363,2,6,9,1,4,1
364,3,7,15,1,4,1
365,2,10,9,1,2,1
366,3,7,19,1,0,1
367,2,10,9,1,4,1
368,3,7,19,1,4,1
369,3,10,15,1,0,1
370,2,4,16,1,4,1
371,1,10,10,1,2,1
372,2,5,9,2,4,1
373,2,5,9,1,0,1
374,3,7,19,1,0,1
375,3,7,17,1,4,1
376,3,7,9,1,0,1
377,3,7,15,1,0,1
378,2,5,9,4,4,1
379,2,5,16,1,4,1
380,2,5,4,1,3,1
381,3,7,19,1,0,1
382,3,7,16,1,2,1
383,3,7,19,1,0,1
384,2,5,16,1,0,1
385,3,7,17,1,2,1
386,3,7,15,1,2,1
387,3,7,4,1,0,1
388,3,7,19,1,0,1
389,3,7,16,1,4,1
390,2,5,4,1,0,1
391,3,7,9,1,4,1
392,2,5,4,1,4,1
393,3,7,19,1,1,1
394,2,3,4,1,0,1
395,3,10,9,1,0,1
396,2,10,9,1,4,1
397,3,7,9,1,0,1
398,2,10,9,1,2,1
399,3,7,19,1,4,1
400,3,7,15,1,4,1
401,2,5,4,1,4,1
402,1,2,9,1,4,1
403,2,2,9,1,0,1
404,1,5,4,1,0,1
405,3,7,16,1,2,1
406,3,7,9,1,0,1
407,3,7,19,1,0,1
408,3,7,16,1,0,1
409,3,7,9,1,0,1
410,2,5,4,1,0,1
411,3,7,19,1,4,1
412,3,7,9,1,0,1
413,2,5,16,1,0,1
414,2,5,9,1,0,1
415,1,2,10,1,4,1
416,3,7,9,1,1,1
417,3,7,19,1,2,1
418,3,7,19,1,0,1
419,3,7,19,1,0,1
420,3,7,15,1,0,1
421,3,7,19,1,0,1
422,3,10,9,1,0,1
423,3,7,4,1,4,1
424,3,7,9,1,4,1
425,3,7,19,1,2,1
426,2,5,16,1,2,1
427,3,7,19,1,4,1
428,1,10,9,1,0,1
429,2,5,9,1,4,1
430,3,10,19,1,0,1
431,3,7,16,1,4,1
432,2,5,4,1,4,1
433,3,7,9,1,0,1
434,3,7,19,1,4,1
435,1,4,9,1,0,1
436,3,7,19,1,0,1
437,3,7,9,1,0,1
438,3,7,15,1,2,1
439,2,3,16,1,2,1
440,3,7,15,1,0,1
441,3,7,19,1,0,1
442,2,5,9,1,4,1
443,3,7,9,1,0,1
444,3,7,16,1,4,1
445,3,7,19,1,4,1
446,1,2,10,1,2,1
447,3,7,19,1,3,1
448,3,7,9,4,4,1
449,3,10,9,1,4,1
450,3,10,9,1,0,1
451,3,7,19,1,0,1
452,1,10,15,1,4,1
453,3,7,19,1,3,1
454,2,5,9,1,0,1
455,3,10,4,1,0,1
456,3,7,19,1,4,1
457,3,7,19,1,4,1
458,3,7,19,1,4,1
459,3,7,19,1,4,1
460,2,5,9,1,4,1
461,3,7,19,1,0,1
462,2,5,9,4,4,1
463,2,5,9,1,0,1
464,3,10,9,1,0,1
465,3,7,19,1,4,1
466,3,7,19,1,4,1
467,3,7,19,1,4,1
468,3,10,19,1,0,1
469,3,7,19,1,0,1
470,3,7,4,1,0,1
471,3,7,16,1,4,1
472,3,7,9,1,0,1
473,3,7,19,1,4,1
474,3,7,19,1,2,1
475,3,7,9,1,0,1
476,3,7,15,1,4,1
477,3,7,19,1,2,1
478,2,5,10,1,0,1
479,2,10,16,1,0,1
480,3,7,19,1,4,1
481,2,10,16,1,0,1
482,1,10,10,1,4,1
483,3,7,19,1,4,1
484,1,10,19,1,4,1
485,2,5,9,1,0,1
486,2,6,19,1,3,1
487,3,7,9,1,0,1
488,3,7,16,1,4,1
489,3,7,9,1,4,1
490,3,7,9,1,0,1
491,2,5,9,1,3,1
492,3,7,19,1,1,1
493,3,7,9,1,0,1
494,3,7,19,1,0,1
495,3,7,4,1,4,1
496,3,7,4,1,0,1
497,3,7,9,1,3,1
498,3,10,9,1,0,1
499,2,6,19,1,2,1
500,2,5,9,1,0,1
501,3,7,16,1,2,1
502,3,7,16,1,0,1
503,1,10,10,1,0,1
504,3,7,18,1,4,1
505,3,7,19,1,2,1
506,3,7,19,1,0,1
507,2,5,9,1,0,1
508,2,10,9,1,4,1
509,3,7,9,1,0,1
510,3,7,9,1,0,1
511,2,5,9,1,0,1
512,2,5,9,1,4,1
513,2,5,9,1,0,1
514,2,5,9,1,2,1
515,3,7,9,1,0,1
516,2,10,16,1,4,1
517,3,7,15,1,0,1
518,2,5,9,1,4,1
519,3,7,16,1,0,1
520,2,5,16,1,0,1
521,3,7,9,1,0,1
522,2,5,9,1,0,1
523,3,7,19,1,4,1
524,2,10,15,1,0,1
525,2,5,9,1,4,1
526,3,7,15,1,4,1
527,2,10,9,1,0,1
528,3,7,19,1,4,1
529,3,10,19,1,4,1
530,3,7,9,1,0,1
531,3,7,19,1,4,1
532,3,10,9,1,0,1
533,3,7,19,1,0,1
534,3,10,9,1,0,1
535,3,7,19,1,2,1
536,3,7,18,1,4,1
537,3,7,9,1,0,1
538,2,5,9,1,4,1
539,3,7,19,1,4,1
540,3,7,16,1,4,1
541,3,7,9,1,0,1
542,3,7,19,1,4,1
543,3,7,19,1,0,1
544,3,7,19,1,4,1
545,3,7,19,1,2,1
546,2,5,9,1,1,1
547,3,7,19,1,0,1
548,3,7,16,1,0,1
549,3,7,9,1,4,1
550,2,5,16,1,2,1
551,2,5,9,1,0,1
552,3,7,19,1,0,1
553,2,4,9,1,2,1
554,2,5,9,1,0,1
555,3,7,15,1,4,1
556,3,7,19,1,0,1
557,3,7,15,1,0,1
558,2,5,9,1,0,1
559,2,4,9,1,0,1
560,1,10,1,2,0,1
561,3,7,15,1,4,1
562,3,7,15,1,4,1
563,3,7,19,1,0,1
564,3,10,4,1,4,1
565,3,7,9,1,0,1
566,2,5,9,1,0,1
567,3,7,19,1,4,1
568,3,7,16,1,0,1
569,2,10,10,1,1,1
570,2,10,9,1,2,1
571,3,7,4,1,4,1
572,3,7,9,1,0,1
573,3,7,19,1,0,1
574,3,7,15,1,0,1
575,3,7,9,1,0,1
576,2,10,16,1,0,1
577,3,7,19,1,0,1
578,2,5,9,1,2,1
579,2,10,16,1,1,1
580,2,5,9,1,0,1
581,3,7,19,1,4,1
582,3,7,4,1,4,1
583,3,7,9,1,4,1
584,3,7,7,1,2,1
585,3,7,9,1,0,1
586,3,7,19,1,0,1
587,3,7,16,1,4,1
588,2,5,9,1,0,1
589,3,7,9,1,0,1
590,3,7,9,1,0,1
591,3,7,4,1,4,1
592,2,10,10,1,0,1
593,3,7,19,1,4,1
594,1,10,10,1,0,1
595,3,10,9,1,4,1
596,3,7,19,1,0,1
597,2,5,9,3,2,1
598,2,10,9,1,0,1
599,1,10,10,1,0,1
600,3,7,19,1,0,1
601,3,7,15,1,4,1
602,2,5,9,1,0,1
603,2,4,4,1,4,1
604,3,7,19,3,0,1
605,2,4,10,1,0,1
606,3,7,9,1,0,1
607,2,10,4,1,0,1
608,3,7,9,1,0,1
609,2,4,16,1,0,1
610,2,5,9,1,2,1
611,2,10,10,1,2,1
612,2,5,9,1,1,1
613,3,7,9,1,0,1
614,3,7,15,1,0,1
615,3,7,16,1,2,1
616,3,7,19,1,4,1
617,3,7,9,1,0,1
618,2,5,16,1,2,1
619,3,7,15,1,0,1
620,1,10,10,1,4,1
621,2,10,9,1,0,1
622,3,7,19,1,4,1
623,2,5,9,4,4,1
624,3,7,19,1,2,1
625,3,7,19,1,0,1
626,3,7,19,1,0,1
627,2,10,9,1,0,1
628,3,7,19,1,4,1
629,3,7,19,1,4,1
630,2,5,4,1,0,1
631,3,7,16,1,4,1
632,3,7,9,1,0,1
633,3,7,19,1,0,1
634,3,7,9,1,0,1
635,3,7,9,1,2,1
636,3,7,9,1,0,1
637,3,7,19,1,4,1
638,3,7,9,1,1,1
639,2,5,4,1,0,1
640,3,7,9,1,0,1
641,3,7,19,1,0,1
642,3,7,9,4,0,1
643,2,5,9,2,0,2
644,2,5,9,2,0,2
645,2,8,18,2,0,2
646,2,4,16,2,0,2
647,2,8,18,2,0,2
648,2,8,10,2,0,2
649,3,7,16,2,0,2
650,2,5,9,2,0,2
651,2,10,18,2,0,2
652,2,5,9,2,0,2
653,2,10,18,2,0,2
654,3,7,15,2,0,2
655,2,8,18,2,0,2
656,2,8,18,2,0,2
657,2,8,18,2,0,2
658,1,10,10,2,0,2
659,2,5,9,2,0,2
660,2,5,16,2,0,2
661,2,9,18,2,0,2
662,2,5,9,2,0,2
663,2,8,18,2,0,2
664,3,7,16,2,0,2
665,1,10,10,2,0,2
666,2,5,9,2,0,2
667,2,8,18,2,0,2
668,2,8,18,2,0,2
669,2,8,18,2,0,2
670,1,10,10,2,0,2
671,2,8,18,2,0,2
672,2,8,18,2,0,2
673,2,5,9,2,0,2
674,2,8,18,2,0,2
675,2,5,9,2,0,2
676,2,6,9,2,0,2
677,2,5,9,2,0,2
678,2,5,9,2,0,2
679,2,5,9,2,0,2
680,2,8,18,2,0,2
681,2,5,9,1,0,2
682,2,10,18,2,0,2
683,2,5,9,2,0,2
684,2,5,9,2,2,2
685,2,9,18,2,0,2
686,2,5,9,1,0,2
687,2,5,9,2,0,2
688,2,5,9,2,0,2
689,2,8,18,2,0,2
690,2,10,18,2,0,2
691,2,10,18,2,0,2
692,2,5,9,2,2,2
693,2,8,18,2,0,2
694,2,5,9,2,0,2
695,2,10,18,2,2,2
696,2,10,18,2,1,2
697,2,5,9,2,2,2
698,2,5,9,2,2,2
699,2,5,9,2,2,2
700,2,5,9,2,0,2
701,2,5,9,2,2,2
702,2,8,18,2,2,2
703,2,5,9,2,0,2
704,3,7,16,2,0,2
705,2,6,9,2,4,2
706,2,10,16,2,4,2
707,2,5,9,2,0,2
708,2,10,10,2,0,2
709,3,7,9,2,4,2
710,2,5,9,2,4,2
711,2,8,18,2,4,2
712,2,10,18,2,0,2
713,2,10,18,2,0,2
714,2,9,18,2,0,2
715,2,4,16,2,4,2
716,2,8,18,2,4,2
717,2,8,18,2,4,2
718,2,10,18,2,0,2
719,2,8,18,2,4,2
720,2,5,9,2,2,2
721,2,8,18,2,4,2
722,2,8,18,2,0,2
723,2,8,18,2,4,2
724,2,5,9,2,0,2
725,2,5,9,2,4,2
726,1,10,10,2,4,2
727,2,8,18,2,0,2
728,2,10,18,2,4,2
729,2,9,11,2,4,2
730,2,10,16,2,0,2
731,2,8,18,2,4,2
732,1,10,10,2,4,2
733,1,10,10,2,0,2
734,1,10,10,2,0,2
735,1,10,10,1,0,2
736,1,10,10,2,4,2
737,2,5,9,2,0,2
738,2,5,9,2,0,2
739,1,10,10,2,0,2
740,2,5,9,2,0,2
741,2,5,9,2,0,2
742,3,10,18,2,3,2
743,1,10,10,2,2,2
744,2,8,18,1,2,2
745,1,10,10,2,0,2
746,2,2,10,2,3,2
747,1,10,10,2,3,2
748,2,10,18,2,0,2
749,2,8,10,2,0,2
750,3,7,19,2,3,2
751,2,10,10,2,0,2
752,3,10,18,1,3,2
753,2,10,18,2,0,2
754,2,8,10,1,0,2
755,2,8,10,2,0,2
756,2,5,4,2,3,2
757,2,5,4,2,3,2
758,3,7,19,1,3,2
759,2,10,10,2,2,2
760,2,5,9,1,0,2
761,2,5,9,1,0,2
762,2,8,18,2,2,2
763,2,8,18,1,2,2
764,2,10,18,2,3,2
765,2,10,18,1,3,2
766,1,10,10,2,4,2
767,1,10,10,1,0,2
768,2,8,18,2,0,2
769,2,10,1,2,0,2
770,1,10,10,2,0,2
771,1,10,10,2,0,2
772,1,10,1,2,2,2
773,2,5,9,1,0,2
774,1,10,10,2,0,2
775,1,2,10,2,0,2
776,3,7,9,1,0,2
777,2,9,18,2,3,2
778,2,9,18,1,3,2
779,2,5,4,1,3,2
780,2,5,9,2,0,2
781,2,10,10,1,0,2
782,1,10,10,1,2,2
783,2,10,1,1,0,2
784,1,10,10,2,0,2
785,1,10,10,2,0,2
786,1,10,10,2,0,2
787,1,10,18,1,0,2
788,1,4,10,2,0,2
789,1,10,10,2,0,2
790,3,7,4,2,0,2
791,1,10,10,2,0,2
792,1,10,10,2,0,2
793,1,10,10,2,2,2
794,1,10,10,2,0,2
795,1,10,10,2,0,2
796,1,10,10,2,0,2
797,1,10,10,2,0,2
798,1,10,10,2,0,2
799,3,7,10,2,2,2
800,2,8,18,2,3,2
801,1,10,10,2,0,2
802,1,8,10,2,2,2
803,1,10,10,2,0,2
804,1,10,10,2,2,2
805,1,10,10,2,2,2
806,1,10,10,2,3,2
807,2,5,9,1,0,2
808,1,10,10,1,0,2
809,1,10,10,2,0,2
810,2,10,18,2,2,2
811,2,4,9,2,0,2
812,2,5,9,2,0,2
813,2,8,18,2,0,2
814,1,10,10,2,2,2
815,1,10,10,2,0,2
816,1,10,10,2,0,2
817,2,4,9,2,0,2
818,1,10,9,2,0,2
819,2,10,18,2,0,2
820,2,5,9,2,0,2
821,2,2,10,1,0,2
822,1,10,10,2,0,2
823,1,10,9,2,0,2
824,1,10,10,2,0,2
825,1,10,10,1,0,2
826,2,10,10,2,0,2
827,2,10,9,2,0,2
828,1,10,10,2,3,2
829,1,10,10,2,2,2
830,2,8,10,2,0,2
831,1,10,10,2,0,2
832,2,5,4,2,3,2
833,2,8,18,2,3,2
834,2,5,9,2,0,2
835,1,10,10,1,0,2
836,2,10,9,2,0,2
837,3,7,19,2,0,2
838,1,2,10,2,0,2
839,2,4,9,1,0,2
840,1,10,10,2,0,2
841,1,2,10,2,0,2
842,2,10,18,1,0,2
843,1,10,10,2,0,2
844,2,5,10,2,0,2
845,2,10,18,2,2,2
846,2,5,9,2,0,2
847,1,10,10,2,2,2
848,2,8,18,2,2,2
849,2,5,9,2,2,2
850,2,10,10,2,2,2
851,2,10,10,1,2,2
852,1,10,10,2,2,2
853,1,10,10,2,0,2
854,2,4,9,1,0,2
855,2,5,10,2,2,2
856,2,8,13,2,0,2
857,3,7,19,1,0,2
858,2,2,10,2,2,2
859,2,8,18,1,2,2
860,2,10,18,2,0,2
861,1,10,10,2,2,2
862,2,10,10,2,2,2
863,1,10,10,2,1,2
864,2,10,4,2,0,2
865,1,10,10,2,1,2
866,1,2,10,1,0,2
867,1,10,10,1,1,2
868,1,10,10,2,2,2
869,1,10,10,2,0,2
870,1,10,10,2,0,2
871,1,10,10,2,1,2
872,1,10,10,2,0,2
873,2,5,9,2,0,2
874,1,10,10,1,1,2
875,1,10,10,2,0,2
876,2,5,10,2,2,2
877,2,10,1,2,1,2
878,2,10,1,1,1,2
879,2,5,9,2,2,2
880,2,10,1,2,2,2
881,2,5,9,2,0,2
882,2,10,9,1,0,2
883,1,10,10,2,2,2
884,1,10,10,2,0,2
885,2,5,4,2,2,2
886,2,10,10,2,2,2
887,2,10,4,2,2,2
888,2,5,10,1,2,2
889,1,10,10,2,0,2
890,1,10,10,2,0,2
891,3,7,19,2,0,2
892,1,10,10,2,1,2
893,2,10,10,2,4,2
894,1,10,10,2,2,2
895,3,7,4,2,0,2
896,1,10,10,2,0,2
897,1,10,10,2,4,2
898,2,10,10,2,4,2
899,1,2,10,2,1,2
900,2,10,10,1,4,2
901,2,5,9,2,0,2
902,2,5,9,1,0,2
903,2,8,18,2,0,2
904,3,10,10,2,0,2
905,1,2,10,1,0,2
906,3,10,10,2,4,2
907,2,10,9,2,4,2
908,3,7,19,2,0,2
909,1,10,10,2,0,2
910,1,10,10,2,0,2
911,2,5,9,2,4,2
912,2,5,9,1,4,2
913,1,10,10,2,4,2
914,2,4,9,2,4,2
915,1,8,10,2,0,2
916,1,8,10,1,0,2
917,1,10,10,2,2,2
918,1,10,10,1,2,2
919,2,10,4,2,0,2
920,2,10,4,1,0,2
921,1,10,10,2,4,2
922,2,5,4,2,0,2
923,1,10,10,2,4,2
924,1,10,10,2,0,2
925,3,7,10,2,0,2
926,1,10,10,2,4,2
927,2,5,4,1,0,2
928,2,4,9,1,4,2
929,2,10,10,2,4,2
930,1,10,10,2,0,2
931,3,7,10,2,0,2
932,2,10,9,2,0,2
933,2,10,9,2,4,2
934,1,10,10,1,0,2
935,2,4,10,2,0,2
936,3,7,9,2,0,2
937,3,7,9,1,0,2
938,1,4,18,2,0,2
939,2,10,10,2,0,2
940,1,10,10,2,0,2
941,1,10,10,2,0,2
942,1,10,10,2,0,2
943,2,2,10,2,0,2
944,1,10,10,1,4,2
945,2,10,10,2,4,2
946,3,7,10,1,0,2
947,2,8,18,2,0,2
948,2,8,18,1,0,2
949,2,10,9,2,0,2
950,1,10,10,2,0,2
951,3,7,9,2,0,2
952,2,5,9,2,0,2
953,1,10,9,2,0,2
954,1,10,9,2,0,2
955,3,7,16,2,2,2
956,2,5,9,2,4,2
957,2,5,9,2,2,2
958,3,10,4,2,4,2
959,3,10,9,2,0,2
960,3,10,9,2,0,2
961,1,2,10,2,0,2
962,3,7,4,2,0,2
963,2,5,4,2,0,2
964,3,7,9,1,0,2
965,3,10,9,2,0,2
966,1,10,1,2,2,2
967,3,7,9,2,4,2
968,1,2,10,2,4,2
969,3,7,9,1,4,2
970,3,7,16,2,0,2
971,3,10,9,2,0,2
972,3,7,19,2,4,2
973,3,7,19,2,4,2
974,3,7,10,1,0,2
975,1,1,10,2,0,2
976,1,10,10,2,4,2
977,2,5,9,2,0,2
978,2,5,9,1,0,2
979,2,6,16,2,2,2
980,1,10,18,2,4,2
981,1,10,18,1,4,2
982,1,10,18,2,4,2
983,1,10,10,2,4,2
984,1,10,18,2,4,2
985,1,10,10,2,0,2
986,2,10,10,2,4,2
987,2,5,10,2,4,2
988,2,8,10,2,4,2
989,3,7,9,2,0,2
990,2,5,4,2,0,2
991,3,7,9,2,4,2
992,2,5,4,2,0,2
993,2,8,10,2,4,2
994,2,10,9,2,4,2
995,2,8,18,2,4,2
996,2,5,5,2,0,2
997,2,2,10,2,0,2
998,2,3,10,2,4,2
999,2,3,10,1,4,2
1000,1,10,18,2,4,2
1001,2,8,10,2,4,2
1002,2,8,10,1,4,2
1003,2,8,18,2,0,2
1004,3,7,9,1,0,2
1005,2,5,4,1,0,2
1006,2,3,18,1,4,2
1007,1,10,18,2,0,2
1008,2,5,9,2,4,2
1009,1,10,18,1,0,2
1010,1,10,10,2,4,2
1011,2,10,18,1,4,2
1012,2,5,9,1,4,2
1013,1,10,10,2,0,2
1014,2,8,18,2,4,2
1015,2,10,10,1,0,2
1016,2,10,10,2,4,2
1017,2,8,10,2,0,2
1018,2,8,18,1,4,2
1019,3,10,10,2,4,2
1020,1,10,10,2,4,2
1021,1,10,10,1,4,2
1022,2,8,18,2,4,2
1023,2,3,10,2,4,2
1024,2,10,9,2,4,2
1025,2,6,9,2,4,2
1026,3,7,9,2,0,2
1027,2,5,9,2,4,2
1028,3,7,19,2,4,2
1029,3,7,19,2,4,2
1030,3,7,19,1,4,2
1031,2,10,4,2,0,2
1032,1,10,10,2,0,2
1033,2,10,18,2,2,2
1034,2,10,18,2,0,2
1035,1,10,9,2,0,2
1036,1,10,1,2,0,2
1037,3,7,9,2,0,2
1038,1,10,10,2,0,2
1039,3,10,9,2,0,2
1040,1,10,10,2,0,2
1041,2,5,9,2,0,2
1042,3,7,19,2,4,2
1043,3,7,19,1,4,2
1044,1,10,10,2,0,2
1045,2,5,9,2,0,2
1046,2,5,9,2,0,2
1047,1,10,10,2,4,2
1048,2,10,9,2,0,2
1049,2,5,4,2,2,2
1050,1,10,10,2,0,2
1051,1,10,10,2,0,2
1052,1,10,10,2,0,2
1053,1,10,10,2,0,2
1054,1,10,1,2,0,2
1055,1,10,1,2,0,2
1056,3,7,9,2,0,2
1057,3,7,9,2,0,2
1058,2,10,10,2,0,2
1059,1,10,10,2,0,2
1060,3,7,9,2,0,2
1061,1,10,1,2,4,2
1062,1,10,10,2,0,2
1063,1,10,10,2,2,2
1064,2,10,9,2,0,2
1065,2,10,1,2,0,2
1066,1,10,10,2,4,2
1067,1,10,10,2,4,2
1068,2,10,18,2,2,2
1069,2,10,9,2,0,2
1070,1,10,10,2,0,2
1071,2,5,9,2,1,2
1072,3,7,4,2,4,2
1073,2,5,9,2,2,2
1074,1,10,1,2,2,2
1075,1,10,1,2,0,2
1076,1,10,10,2,2,2
1077,2,5,9,2,2,2
1078,2,8,18,2,0,2
1079,1,10,10,2,0,2
1080,1,10,10,2,0,2
1081,1,10,10,2,4,2
1082,2,10,4,2,2,2
1083,1,10,10,1,0,2
1084,1,10,1,2,4,2
1085,1,10,1,1,4,2
1086,2,5,9,2,0,2
1087,3,7,9,2,0,2
1088,2,4,9,2,0,2
1089,1,10,10,2,0,2
1090,2,10,9,2,0,2
1091,1,10,10,2,0,2
1092,1,10,10,2,0,2
1093,2,4,10,2,0,2
1094,2,4,10,2,0,2
1095,2,10,10,2,1,2
1096,1,10,10,2,2,2
1097,2,10,10,2,0,2
1098,2,10,10,2,0,2
1099,2,10,4,1,2,2
1100,3,7,9,2,0,2
1101,3,7,9,2,0,2
1102,1,10,10,2,2,2
1103,2,10,9,2,0,2
1104,2,10,18,2,0,2
1105,1,10,10,2,0,2
1106,1,10,10,2,0,2
1107,1,10,10,2,1,2
1108,1,10,10,1,1,2
1109,1,10,9,2,2,2
1110,2,5,9,2,2,2
1111,2,4,9,2,2,2
1112,2,5,9,2,0,2
1113,2,4,4,2,0,2
1114,2,2,10,2,0,2
1115,2,10,10,2,0,2
1116,3,7,9,2,0,2
1117,1,10,10,2,2,2
1118,1,10,10,2,2,2
1119,2,10,9,2,0,2
1120,2,5,9,2,4,2
1121,1,10,10,2,0,2
1122,3,7,9,2,0,2
1123,1,10,9,2,0,2
1124,3,7,16,2,1,2
1125,1,2,10,2,0,2
1126,1,10,10,2,0,2
1127,2,8,18,2,2,2
1128,2,5,9,2,2,2
1129,2,10,10,2,0,2
1130,1,10,10,2,0,2
1131,1,10,10,2,0,2
1132,3,7,9,2,0,2
1133,2,5,4,2,0,2
1134,2,10,1,2,2,2
1135,1,10,10,2,0,2
1136,1,10,10,2,0,2
1137,2,5,9,2,0,2
1138,2,5,9,2,0,2
1139,1,10,10,2,4,2
1140,1,10,10,1,4,2
1141,1,10,10,2,0,2
1142,3,10,10,2,4,2
1143,1,10,10,2,4,2
1144,2,10,10,2,0,2
1145,2,10,3,2,0,2
1146,3,7,4,2,0,2
1147,2,5,9,2,4,2
1148,1,10,10,2,0,2
1149,1,10,10,2,0,2
1150,1,2,10,2,2,2
1151,1,10,19,2,0,2
1152,1,10,19,2,4,2
1153,1,10,10,2,4,2
1154,1,10,10,2,4,2
1155,2,10,4,2,4,2
1156,2,10,4,2,0,2
1157,3,7,4,2,4,2
1158,1,10,10,2,4,2
1159,2,5,5,2,0,2
1160,2,5,9,2,4,2
1161,2,5,9,2,4,2
1162,3,7,14,1,0,2
1163,1,10,10,2,0,2
1164,2,5,9,2,4,2
1165,1,10,10,1,0,2
1166,2,4,9,2,0,2
1167,2,10,9,2,4,2
1168,2,10,9,1,0,2
1169,1,10,10,2,4,2
1170,1,10,10,2,4,2
1171,1,10,10,2,4,2
1172,2,8,10,2,0,2
1173,1,10,10,2,0,2
1174,3,7,9,2,0,2
1175,2,8,18,2,0,2
1176,1,10,10,2,0,2
1177,3,10,10,2,0,2
1178,1,10,1,2,4,2
1179,2,10,10,1,0,2
1180,1,10,10,2,4,2
1181,2,8,18,2,4,2
1182,1,10,10,2,4,2
1183,3,10,10,2,4,2
1184,2,8,18,1,0,2
1185,2,10,9,2,4,2
1186,3,10,10,1,0,2
1187,1,10,10,2,4,2
1188,3,7,19,2,4,2
1189,2,10,10,2,4,2
1190,1,10,10,2,4,2
1191,3,7,9,2,0,2
1192,3,7,9,2,0,2
1193,3,7,19,2,4,2
1194,1,10,18,2,0,2
1195,1,10,10,1,4,2
1196,3,7,19,2,4,2
1197,3,7,19,2,0,2
1198,3,7,19,2,4,2
1199,1,10,10,2,4,2
1200,1,2,10,2,4,2
1201,3,10,9,2,0,2
1202,1,10,10,2,0,2
1203,3,10,9,1,0,2
1204,3,7,9,2,4,2
1205,3,7,9,2,0,2
1206,1,10,10,2,4,2
1207,1,10,10,2,4,2
1208,1,10,10,1,4,2
1209,1,2,10,2,4,2
1210,1,2,10,2,4,2
1211,1,2,19,2,2,2
1212,1,2,10,2,4,2
1213,1,10,10,2,4,2
1214,1,10,10,1,0,2
1215,2,10,18,2,4,2
1216,3,7,9,2,4,2
1217,1,10,10,2,1,2
1218,2,2,10,2,4,2
1219,2,5,9,1,4,2
1220,2,5,4,2,0,2
1221,2,5,4,1,0,2
1222,3,7,19,1,0,2
1223,2,10,9,2,0,2
1224,1,2,10,2,0,2
1225,1,10,10,1,4,2
1226,1,2,10,2,4,2
1227,2,10,10,2,4,2
1228,2,10,10,2,4,2
1229,3,7,4,2,0,2
1230,2,10,15,2,4,2
1231,2,10,9,2,4,2
1232,2,10,1,2,4,2
1233,2,10,4,2,0,2
1234,2,8,10,3,4,2
1235,2,8,18,2,4,2
1236,3,7,4,2,0,2
1237,2,8,18,1,4,2
1238,1,10,18,2,4,2
1239,3,10,1,2,4,2
1240,3,7,19,2,4,2
1241,2,10,9,2,4,2
1242,2,10,9,2,0,2
1243,3,7,10,2,4,2
1244,2,10,9,2,0,2
1245,3,10,19,2,4,2
1246,2,8,10,2,4,2
1247,2,5,18,2,0,2
1248,3,7,4,2,4,2
1249,3,7,2,2,4,2
1250,1,2,10,1,0,2
1251,1,2,10,2,0,2
1252,2,8,18,2,0,2
1253,2,10,10,2,4,2
1254,1,2,10,2,0,2
1255,1,10,10,1,4,2
1256,1,2,10,1,0,2
1257,2,6,9,2,4,2
1258,2,8,18,2,0,2
1259,1,10,10,1,4,2
1260,1,10,10,2,4,2
1261,1,2,10,2,4,2
1262,3,7,9,2,4,2
1263,2,10,9,2,4,2
1264,1,10,10,2,4,2
1265,1,10,10,2,4,2
1266,2,10,10,2,4,2
1267,2,10,10,2,4,2
1268,1,10,1,2,4,2
1269,3,7,19,2,4,2
1270,3,7,9,2,0,2
1271,1,10,1,2,0,2
1272,1,10,1,2,4,2
1273,1,10,1,2,4,2
1274,1,10,10,2,4,2
1275,3,7,19,2,4,2
1276,1,10,10,2,4,2
1277,1,10,1,2,4,2
1278,1,2,10,2,4,2
1279,1,2,10,2,4,2
1280,1,2,10,2,4,2
1281,3,10,1,1,4,2
1282,2,3,10,2,0,2
1283,1,10,10,2,4,2
1284,2,10,1,2,4,2
1285,2,5,9,2,0,2
